1475205666.281: [80]     50, 0032, -2.706745
1475205666.281: [80]     50, 0032, -2.706745
1475205666.282: [80]     49, 0031, -2.712610
1475205666.282: [80]     50, 0032, -2.706745
1475205666.282: [80]     50, 0032, -2.706745
1475205666.282: [80]     50, 0032, -2.706745
1475205666.282: [80]     49, 0031, -2.712610
1475205666.282: [80]     49, 0031, -2.712610
1475205666.283: [80]     49, 0031, -2.712610
1475205666.283: [80]     49, 0031, -2.712610
1475205666.305: [80]     49, 0031, -2.712610
1475205666.305: [80]     49, 0031, -2.712610
1475205666.305: [80]     49, 0031, -2.712610
1475205666.305: [80]     49, 0031, -2.712610
1475205666.305: [80]     49, 0031, -2.712610
1475205666.306: [80]     49, 0031, -2.712610
1475205666.307: [80]     49, 0031, -2.712610
1475205666.308: [80]     49, 0031, -2.712610
1475205666.310: [80]     49, 0031, -2.712610
1475205666.311: [80]     49, 0031, -2.712610
1475205666.317: [80]     49, 0031, -2.712610
1475205666.317: [80]     49, 0031, -2.712610
1475205666.319: [80]     49, 0031, -2.712610
1475205666.320: [80]     49, 0031, -2.712610
1475205666.332: [80]     49, 0031, -2.712610
1475205666.334: [80]     49, 0031, -2.712610
1475205666.335: [80]     49, 0031, -2.712610
1475205666.336: [80]     49, 0031, -2.712610
1475205666.338: [80]     49, 0031, -2.712610
1475205666.339: [80]     49, 0031, -2.712610
1475205666.354: [80]     48, 0030, -2.718475
1475205666.355: [80]     48, 0030, -2.718475
1475205666.356: [80]     49, 0031, -2.712610
1475205666.357: [80]     49, 0031, -2.712610
1475205666.359: [80]     49, 0031, -2.712610
1475205666.360: [80]     49, 0031, -2.712610
1475205666.361: [80]     49, 0031, -2.712610
1475205666.363: [80]     49, 0031, -2.712610
1475205666.364: [80]     48, 0030, -2.718475
1475205666.365: [80]     49, 0031, -2.712610
1475205666.366: [80]     49, 0031, -2.712610
1475205666.367: [80]     49, 0031, -2.712610
1475205666.369: [80]     49, 0031, -2.712610
1475205666.370: [80]     49, 0031, -2.712610
1475205666.371: [80]     48, 0030, -2.718475
1475205666.372: [80]     49, 0031, -2.712610
1475205666.373: [80]     49, 0031, -2.712610
1475205666.374: [80]     49, 0031, -2.712610
1475205666.389: [80]     49, 0031, -2.712610
1475205666.391: [80]     49, 0031, -2.712610
1475205666.392: [80]     49, 0031, -2.712610
1475205666.393: [80]     48, 0030, -2.718475
1475205666.395: [80]     49, 0031, -2.712610
1475205666.396: [80]     49, 0031, -2.712610
1475205666.397: [80]     49, 0031, -2.712610
1475205666.398: [80]     48, 0030, -2.718475
1475205666.400: [80]     49, 0031, -2.712610
1475205666.401: [80]     49, 0031, -2.712610
1475205666.402: [80]     49, 0031, -2.712610
1475205666.403: [80]     49, 0031, -2.712610
1475205666.404: [80]     48, 0030, -2.718475
1475205666.405: [80]     48, 0030, -2.718475
1475205666.406: [80]     49, 0031, -2.712610
1475205666.421: [80]     48, 0030, -2.718475
1475205666.423: [80]     48, 0030, -2.718475
1475205666.424: [80]     49, 0031, -2.712610
1475205666.425: [80]     49, 0031, -2.712610
1475205666.426: [80]     49, 0031, -2.712610
1475205666.427: [80]     48, 0030, -2.718475
1475205666.428: [80]     49, 0031, -2.712610
1475205666.445: [80]     49, 0031, -2.712610
1475205666.446: [80]     49, 0031, -2.712610
1475205666.447: [80]     49, 0031, -2.712610
1475205666.448: [80]     49, 0031, -2.712610
1475205666.449: [80]     49, 0031, -2.712610
1475205666.450: [80]     48, 0030, -2.718475
1475205666.452: [80]     48, 0030, -2.718475
1475205666.453: [80]     49, 0031, -2.712610
1475205666.454: [80]     48, 0030, -2.718475
1475205666.467: [80]     49, 0031, -2.712610
1475205666.468: [80]     49, 0031, -2.712610
1475205666.469: [80]     49, 0031, -2.712610
1475205666.470: [80]     49, 0031, -2.712610
1475205666.471: [80]     49, 0031, -2.712610
1475205666.472: [80]     49, 0031, -2.712610
1475205666.473: [80]     48, 0030, -2.718475
1475205666.475: [80]     49, 0031, -2.712610
1475205666.482: [80]     49, 0031, -2.712610
1475205666.483: [80]     49, 0031, -2.712610
1475205666.484: [80]     49, 0031, -2.712610
1475205666.485: [80]     49, 0031, -2.712610
1475205666.486: [80]     48, 0030, -2.718475
1475205666.487: [80]     48, 0030, -2.718475
1475205666.488: [80]     49, 0031, -2.712610
1475205666.489: [80]     49, 0031, -2.712610
1475205666.494: [80]     49, 0031, -2.712610
1475205666.496: [80]     49, 0031, -2.712610
1475205666.497: [80]     49, 0031, -2.712610
1475205666.498: [80]     49, 0031, -2.712610
1475205666.499: [80]     49, 0031, -2.712610
1475205666.500: [80]     48, 0030, -2.718475
1475205666.502: [80]     49, 0031, -2.712610
1475205666.507: [80]     49, 0031, -2.712610
1475205666.508: [80]     48, 0030, -2.718475
1475205666.510: [80]     48, 0030, -2.718475
1475205666.511: [80]     48, 0030, -2.718475
1475205666.512: [80]     48, 0030, -2.718475
1475205666.514: [80]     48, 0030, -2.718475
1475205666.515: [80]     48, 0030, -2.718475
1475205666.516: [80]     48, 0030, -2.718475
1475205666.517: [80]     49, 0031, -2.712610
1475205666.518: [80]     48, 0030, -2.718475
1475205666.519: [80]     48, 0030, -2.718475
1475205666.520: [80]     48, 0030, -2.718475
1475205666.522: [80]     48, 0030, -2.718475
1475205666.523: [80]     48, 0030, -2.718475
1475205666.524: [80]     49, 0031, -2.712610
1475205666.529: [80]     48, 0030, -2.718475
1475205666.530: [80]     48, 0030, -2.718475
1475205666.532: [80]     48, 0030, -2.718475
1475205666.533: [80]     48, 0030, -2.718475
1475205666.535: [80]     48, 0030, -2.718475
1475205666.536: [80]     49, 0031, -2.712610
1475205666.538: [80]     49, 0031, -2.712610
1475205666.540: [80]     48, 0030, -2.718475
1475205666.544: [80]     48, 0030, -2.718475
1475205666.545: [80]     48, 0030, -2.718475
1475205666.547: [80]     49, 0031, -2.712610
1475205666.548: [80]     49, 0031, -2.712610
1475205666.549: [80]     49, 0031, -2.712610
1475205666.550: [80]     49, 0031, -2.712610
1475205666.551: [80]     49, 0031, -2.712610
1475205666.552: [80]     49, 0031, -2.712610
1475205666.553: [80]     48, 0030, -2.718475
1475205666.555: [80]     48, 0030, -2.718475
1475205666.556: [80]     48, 0030, -2.718475
1475205666.557: [80]     48, 0030, -2.718475
1475205666.558: [80]     48, 0030, -2.718475
1475205666.559: [80]     48, 0030, -2.718475
1475205666.564: [80]     48, 0030, -2.718475
1475205666.565: [80]     49, 0031, -2.712610
1475205666.566: [80]     49, 0031, -2.712610
1475205666.567: [80]     48, 0030, -2.718475
1475205666.568: [80]     48, 0030, -2.718475
1475205666.570: [80]     48, 0030, -2.718475
1475205666.571: [80]     48, 0030, -2.718475
1475205666.572: [80]     48, 0030, -2.718475
1475205666.573: [80]     48, 0030, -2.718475
1475205666.574: [80]     48, 0030, -2.718475
1475205666.576: [80]     48, 0030, -2.718475
1475205666.577: [80]     48, 0030, -2.718475
1475205666.578: [80]     48, 0030, -2.718475
1475205666.579: [80]     49, 0031, -2.712610
1475205666.580: [80]     49, 0031, -2.712610
1475205666.582: [80]     48, 0030, -2.718475
1475205666.583: [80]     48, 0030, -2.718475
1475205666.584: [80]     49, 0031, -2.712610
1475205666.586: [80]     49, 0031, -2.712610
1475205666.587: [80]     48, 0030, -2.718475
1475205666.588: [80]     48, 0030, -2.718475
1475205666.594: [80]     49, 0031, -2.712610
1475205666.594: [80]     49, 0031, -2.712610
1475205666.596: [80]     48, 0030, -2.718475
1475205666.597: [80]     49, 0031, -2.712610
1475205666.598: [80]     48, 0030, -2.718475
1475205666.600: [80]     49, 0031, -2.712610
1475205666.601: [80]     49, 0031, -2.712610
1475205666.602: [80]     49, 0031, -2.712610
1475205666.603: [80]     48, 0030, -2.718475
1475205666.607: [80]     49, 0031, -2.712610
1475205666.619: [80]     48, 0030, -2.718475
1475205666.619: [80]     48, 0030, -2.718475
1475205666.621: [80]     49, 0031, -2.712610
1475205666.622: [80]     49, 0031, -2.712610
1475205666.623: [80]     49, 0031, -2.712610
1475205666.624: [80]     49, 0031, -2.712610
1475205666.626: [80]     49, 0031, -2.712610
1475205666.631: [80]     49, 0031, -2.712610
1475205666.632: [80]     49, 0031, -2.712610
1475205666.633: [80]     48, 0030, -2.718475
1475205666.635: [80]     49, 0031, -2.712610
1475205666.636: [80]     49, 0031, -2.712610
1475205666.637: [80]     48, 0030, -2.718475
1475205666.638: [80]     49, 0031, -2.712610
1475205666.639: [80]     49, 0031, -2.712610
1475205666.644: [80]     48, 0030, -2.718475
1475205666.645: [80]     49, 0031, -2.712610
1475205666.646: [80]     49, 0031, -2.712610
1475205666.647: [80]     49, 0031, -2.712610
1475205666.649: [80]     48, 0030, -2.718475
1475205666.669: [80]     48, 0030, -2.718475
1475205666.669: [80]     48, 0030, -2.718475
1475205666.671: [80]     48, 0030, -2.718475
1475205666.672: [80]     48, 0030, -2.718475
1475205666.673: [80]     49, 0031, -2.712610
1475205666.674: [80]     49, 0031, -2.712610
1475205666.676: [80]     48, 0030, -2.718475
1475205666.677: [80]     49, 0031, -2.712610
1475205666.681: [80]     48, 0030, -2.718475
1475205666.682: [80]     49, 0031, -2.712610
1475205666.683: [80]     48, 0030, -2.718475
1475205666.685: [80]     49, 0031, -2.712610
1475205666.686: [80]     48, 0030, -2.718475
1475205666.687: [80]     48, 0030, -2.718475
1475205666.689: [80]     48, 0030, -2.718475
1475205666.695: [80]     48, 0030, -2.718475
1475205666.696: [80]     48, 0030, -2.718475
1475205666.697: [80]     48, 0030, -2.718475
1475205666.698: [80]     48, 0030, -2.718475
1475205666.699: [80]     48, 0030, -2.718475
1475205666.701: [80]     48, 0030, -2.718475
1475205666.702: [80]     48, 0030, -2.718475
1475205666.703: [80]     49, 0031, -2.712610
1475205666.707: [80]     48, 0030, -2.718475
1475205666.709: [80]     48, 0030, -2.718475
1475205666.710: [80]     48, 0030, -2.718475
1475205666.712: [80]     48, 0030, -2.718475
1475205666.713: [80]     49, 0031, -2.712610
1475205666.714: [80]     48, 0030, -2.718475
1475205666.715: [80]     49, 0031, -2.712610
1475205666.716: [80]     48, 0030, -2.718475
1475205666.721: [80]     48, 0030, -2.718475
1475205666.723: [80]     48, 0030, -2.718475
1475205666.724: [80]     48, 0030, -2.718475
1475205666.725: [80]     48, 0030, -2.718475
1475205666.727: [80]     48, 0030, -2.718475
1475205666.728: [80]     48, 0030, -2.718475
1475205666.729: [80]     49, 0031, -2.712610
1475205666.730: [80]     48, 0030, -2.718475
1475205666.731: [80]     48, 0030, -2.718475
1475205666.744: [80]     48, 0030, -2.718475
1475205666.744: [80]     48, 0030, -2.718475
1475205666.746: [80]     48, 0030, -2.718475
1475205666.747: [80]     49, 0031, -2.712610
1475205666.748: [80]     49, 0031, -2.712610
1475205666.749: [80]     48, 0030, -2.718475
1475205666.750: [80]     48, 0030, -2.718475
1475205666.751: [80]     48, 0030, -2.718475
1475205666.752: [80]     48, 0030, -2.718475
1475205666.753: [80]     49, 0031, -2.712610
1475205666.754: [80]     48, 0030, -2.718475
1475205666.755: [80]     49, 0031, -2.712610
1475205666.756: [80]     49, 0031, -2.712610
1475205666.757: [80]     48, 0030, -2.718475
1475205666.762: [80]     48, 0030, -2.718475
1475205666.763: [80]     48, 0030, -2.718475
1475205666.764: [80]     48, 0030, -2.718475
1475205666.765: [80]     48, 0030, -2.718475
1475205666.766: [80]     48, 0030, -2.718475
1475205666.767: [80]     49, 0031, -2.712610
1475205666.769: [80]     48, 0030, -2.718475
1475205666.769: [80]     48, 0030, -2.718475
1475205666.773: [80]     48, 0030, -2.718475
1475205666.775: [80]     48, 0030, -2.718475
1475205666.776: [80]     48, 0030, -2.718475
1475205666.777: [80]     49, 0031, -2.712610
1475205666.778: [80]     49, 0031, -2.712610
1475205666.779: [80]     49, 0031, -2.712610
1475205666.780: [80]     48, 0030, -2.718475
1475205666.781: [80]     49, 0031, -2.712610
1475205666.783: [80]     48, 0030, -2.718475
1475205666.783: [80]     48, 0030, -2.718475
1475205666.784: [80]     48, 0030, -2.718475
1475205666.785: [80]     48, 0030, -2.718475
1475205666.786: [80]     48, 0030, -2.718475
1475205666.787: [80]     48, 0030, -2.718475
1475205666.788: [80]     48, 0030, -2.718475
1475205666.789: [80]     49, 0031, -2.712610
1475205666.793: [80]     48, 0030, -2.718475
1475205666.795: [80]     48, 0030, -2.718475
1475205666.819: [80]     48, 0030, -2.718475
1475205666.819: [80]     48, 0030, -2.718475
1475205666.820: [80]     48, 0030, -2.718475
1475205666.821: [80]     48, 0030, -2.718475
1475205666.822: [80]     48, 0030, -2.718475
1475205666.824: [80]     48, 0030, -2.718475
1475205666.825: [80]     49, 0031, -2.712610
1475205666.826: [80]     48, 0030, -2.718475
1475205666.827: [80]     48, 0030, -2.718475
1475205666.828: [80]     48, 0030, -2.718475
1475205666.829: [80]     49, 0031, -2.712610
1475205666.831: [80]     48, 0030, -2.718475
1475205666.832: [80]     48, 0030, -2.718475
1475205666.833: [80]     48, 0030, -2.718475
1475205666.838: [80]     48, 0030, -2.718475
1475205666.839: [80]     48, 0030, -2.718475
1475205666.840: [80]     48, 0030, -2.718475
1475205666.841: [80]     48, 0030, -2.718475
1475205666.843: [80]     48, 0030, -2.718475
1475205666.844: [80]     48, 0030, -2.718475
1475205666.845: [80]     48, 0030, -2.718475
1475205666.846: [80]     48, 0030, -2.718475
1475205666.847: [80]     48, 0030, -2.718475
1475205666.848: [80]     48, 0030, -2.718475
1475205666.849: [80]     48, 0030, -2.718475
1475205666.851: [80]     49, 0031, -2.712610
1475205666.852: [80]     49, 0031, -2.712610
1475205666.853: [80]     49, 0031, -2.712610
1475205666.857: [80]     48, 0030, -2.718475
1475205666.859: [80]     48, 0030, -2.718475
1475205666.869: [80]     49, 0031, -2.712610
1475205666.869: [80]     48, 0030, -2.718475
1475205666.870: [80]     48, 0030, -2.718475
1475205666.871: [80]     48, 0030, -2.718475
1475205666.872: [80]     49, 0031, -2.712610
1475205666.873: [80]     48, 0030, -2.718475
1475205666.874: [80]     48, 0030, -2.718475
1475205666.876: [80]     48, 0030, -2.718475
1475205666.877: [80]     49, 0031, -2.712610
1475205666.878: [80]     49, 0031, -2.712610
1475205666.880: [80]     49, 0031, -2.712610
1475205666.880: [80]     49, 0031, -2.712610
1475205666.882: [80]     48, 0030, -2.718475
1475205666.883: [80]     48, 0030, -2.718475
1475205666.884: [80]     49, 0031, -2.712610
1475205666.885: [80]     49, 0031, -2.712610
1475205666.886: [80]     49, 0031, -2.712610
1475205666.887: [80]     48, 0030, -2.718475
1475205666.888: [80]     49, 0031, -2.712610
1475205666.889: [80]     49, 0031, -2.712610
1475205666.919: [80]     49, 0031, -2.712610
1475205666.919: [80]     49, 0031, -2.712610
1475205666.920: [80]     49, 0031, -2.712610
1475205666.921: [80]     49, 0031, -2.712610
1475205666.922: [80]     49, 0031, -2.712610
1475205666.923: [80]     49, 0031, -2.712610
1475205666.924: [80]     49, 0031, -2.712610
1475205666.925: [80]     49, 0031, -2.712610
1475205666.926: [80]     49, 0031, -2.712610
1475205666.931: [80]     48, 0030, -2.718475
1475205666.932: [80]     48, 0030, -2.718475
1475205666.933: [80]     48, 0030, -2.718475
1475205666.934: [80]     48, 0030, -2.718475
1475205666.935: [80]     48, 0030, -2.718475
1475205666.936: [80]     48, 0030, -2.718475
1475205666.937: [80]     49, 0031, -2.712610
1475205666.938: [80]     49, 0031, -2.712610
1475205666.943: [80]     49, 0031, -2.712610
1475205666.944: [80]     49, 0031, -2.712610
1475205666.945: [80]     49, 0031, -2.712610
1475205666.954: [80]     49, 0031, -2.712610
1475205666.954: [80]     48, 0030, -2.718475
1475205666.955: [80]     49, 0031, -2.712610
1475205666.956: [80]     48, 0030, -2.718475
1475205666.957: [80]     49, 0031, -2.712610
1475205666.963: [80]     48, 0030, -2.718475
1475205666.964: [80]     48, 0030, -2.718475
1475205666.965: [80]     48, 0030, -2.718475
1475205666.966: [80]     49, 0031, -2.712610
1475205666.967: [80]     49, 0031, -2.712610
1475205666.968: [80]     48, 0030, -2.718475
1475205666.969: [80]     49, 0031, -2.712610
1475205666.970: [80]     49, 0031, -2.712610
1475205666.974: [80]     49, 0031, -2.712610
1475205666.975: [80]     48, 0030, -2.718475
1475205666.976: [80]     49, 0031, -2.712610
1475205666.978: [80]     48, 0030, -2.718475
1475205666.979: [80]     49, 0031, -2.712610
1475205666.980: [80]     48, 0030, -2.718475
1475205666.981: [80]     49, 0031, -2.712610
1475205666.982: [80]     49, 0031, -2.712610
1475205666.987: [80]     48, 0030, -2.718475
1475205666.988: [80]     49, 0031, -2.712610
1475205666.989: [80]     49, 0031, -2.712610
1475205666.991: [80]     49, 0031, -2.712610
1475205666.992: [80]     49, 0031, -2.712610
1475205666.993: [80]     48, 0030, -2.718475
1475205666.994: [80]     48, 0030, -2.718475
1475205666.995: [80]     49, 0031, -2.712610
1475205666.996: [80]     48, 0030, -2.718475
1475205667.004: [80]     48, 0030, -2.718475
1475205667.004: [80]     48, 0030, -2.718475
1475205667.005: [80]     49, 0031, -2.712610
1475205667.006: [80]     49, 0031, -2.712610
1475205667.007: [80]     48, 0030, -2.718475
1475205667.008: [80]     48, 0030, -2.718475
1475205667.010: [80]     48, 0030, -2.718475
1475205667.015: [80]     49, 0031, -2.712610
1475205667.016: [80]     49, 0031, -2.712610
1475205667.017: [80]     48, 0030, -2.718475
1475205667.018: [80]     49, 0031, -2.712610
1475205667.019: [80]     48, 0030, -2.718475
1475205667.020: [80]     48, 0030, -2.718475
1475205667.021: [80]     49, 0031, -2.712610
1475205667.022: [80]     48, 0030, -2.718475
1475205667.026: [80]     49, 0031, -2.712610
1475205667.027: [80]     48, 0030, -2.718475
1475205667.028: [80]     49, 0031, -2.712610
1475205667.029: [80]     49, 0031, -2.712610
1475205667.030: [80]     49, 0031, -2.712610
1475205667.054: [80]     48, 0030, -2.718475
1475205667.054: [80]     49, 0031, -2.712610
1475205667.055: [80]     49, 0031, -2.712610
1475205667.057: [80]     48, 0030, -2.718475
1475205667.058: [80]     49, 0031, -2.712610
1475205667.059: [80]     49, 0031, -2.712610
1475205667.060: [80]     48, 0030, -2.718475
1475205667.061: [80]     48, 0030, -2.718475
1475205667.063: [80]     48, 0030, -2.718475
1475205667.063: [80]     48, 0030, -2.718475
1475205667.065: [80]     48, 0030, -2.718475
1475205667.066: [80]     49, 0031, -2.712610
1475205667.067: [80]     49, 0031, -2.712610
1475205667.068: [80]     49, 0031, -2.712610
1475205667.069: [80]     49, 0031, -2.712610
1475205667.070: [80]     49, 0031, -2.712610
1475205667.071: [80]     49, 0031, -2.712610
1475205667.075: [80]     49, 0031, -2.712610
1475205667.076: [80]     49, 0031, -2.712610
1475205667.078: [80]     49, 0031, -2.712610
1475205667.082: [80]     49, 0031, -2.712610
1475205667.083: [80]     49, 0031, -2.712610
1475205667.084: [80]     48, 0030, -2.718475
1475205667.085: [80]     49, 0031, -2.712610
1475205667.086: [80]     48, 0030, -2.718475
1475205667.087: [80]     49, 0031, -2.712610
1475205667.088: [80]     49, 0031, -2.712610
1475205667.089: [80]     49, 0031, -2.712610
1475205667.090: [80]     49, 0031, -2.712610
1475205667.091: [80]     49, 0031, -2.712610
1475205667.094: [80]     49, 0031, -2.712610
1475205667.094: [80]     49, 0031, -2.712610
1475205667.098: [80]     49, 0031, -2.712610
1475205667.099: [80]     49, 0031, -2.712610
1475205667.100: [80]     49, 0031, -2.712610
1475205667.101: [80]     49, 0031, -2.712610
1475205667.102: [80]     49, 0031, -2.712610
1475205667.103: [80]     49, 0031, -2.712610
1475205667.104: [80]     49, 0031, -2.712610
1475205667.105: [80]     49, 0031, -2.712610
1475205667.131: [80]     49, 0031, -2.712610
1475205667.132: [80]     49, 0031, -2.712610
1475205667.133: [80]     49, 0031, -2.712610
1475205667.134: [80]     49, 0031, -2.712610
1475205667.135: [80]     49, 0031, -2.712610
1475205667.136: [80]     50, 0032, -2.706745
1475205667.137: [80]     49, 0031, -2.712610
1475205667.138: [80]     49, 0031, -2.712610
1475205667.144: [80]     49, 0031, -2.712610
1475205667.145: [80]     49, 0031, -2.712610
1475205667.146: [80]     49, 0031, -2.712610
1475205667.147: [80]     49, 0031, -2.712610
1475205667.148: [80]     49, 0031, -2.712610
1475205667.149: [80]     49, 0031, -2.712610
1475205667.150: [80]     49, 0031, -2.712610
1475205667.151: [80]     49, 0031, -2.712610
1475205667.155: [80]     49, 0031, -2.712610
1475205667.157: [80]     49, 0031, -2.712610
1475205667.158: [80]     49, 0031, -2.712610
1475205667.159: [80]     49, 0031, -2.712610
1475205667.160: [80]     49, 0031, -2.712610
1475205667.161: [80]     49, 0031, -2.712610
1475205667.162: [80]     49, 0031, -2.712610
1475205667.163: [80]     49, 0031, -2.712610
1475205667.164: [80]     49, 0031, -2.712610
1475205667.165: [80]     49, 0031, -2.712610
1475205667.166: [80]     49, 0031, -2.712610
1475205667.167: [80]     49, 0031, -2.712610
1475205667.168: [80]     49, 0031, -2.712610
1475205667.169: [80]     49, 0031, -2.712610
1475205667.181: [80]     49, 0031, -2.712610
1475205667.181: [80]     49, 0031, -2.712610
1475205667.183: [80]     49, 0031, -2.712610
1475205667.184: [80]     49, 0031, -2.712610
1475205667.185: [80]     49, 0031, -2.712610
1475205667.186: [80]     49, 0031, -2.712610
1475205667.187: [80]     49, 0031, -2.712610
1475205667.188: [80]     49, 0031, -2.712610
1475205667.189: [80]     49, 0031, -2.712610
1475205667.190: [80]     49, 0031, -2.712610
1475205667.195: [80]     49, 0031, -2.712610
1475205667.196: [80]     49, 0031, -2.712610
1475205667.197: [80]     49, 0031, -2.712610
1475205667.198: [80]     49, 0031, -2.712610
1475205667.199: [80]     49, 0031, -2.712610
1475205667.200: [80]     49, 0031, -2.712610
1475205667.201: [80]     49, 0031, -2.712610
1475205667.202: [80]     49, 0031, -2.712610
1475205667.206: [80]     49, 0031, -2.712610
1475205667.208: [80]     49, 0031, -2.712610
1475205667.231: [80]     49, 0031, -2.712610
1475205667.231: [80]     49, 0031, -2.712610
1475205667.233: [80]     49, 0031, -2.712610
1475205667.234: [80]     49, 0031, -2.712610
1475205667.235: [80]     49, 0031, -2.712610
1475205667.236: [80]     49, 0031, -2.712610
1475205667.237: [80]     49, 0031, -2.712610
1475205667.238: [80]     49, 0031, -2.712610
1475205667.239: [80]     49, 0031, -2.712610
1475205667.240: [80]     49, 0031, -2.712610
1475205667.241: [80]     49, 0031, -2.712610
1475205667.242: [80]     49, 0031, -2.712610
1475205667.243: [80]     49, 0031, -2.712610
1475205667.244: [80]     49, 0031, -2.712610
1475205667.248: [80]     49, 0031, -2.712610
1475205667.249: [80]     49, 0031, -2.712610
1475205667.250: [80]     49, 0031, -2.712610
1475205667.251: [80]     49, 0031, -2.712610
1475205667.252: [80]     49, 0031, -2.712610
1475205667.253: [80]     49, 0031, -2.712610
1475205667.281: [80]     49, 0031, -2.712610
1475205667.281: [80]     49, 0031, -2.712610
1475205667.283: [80]     50, 0032, -2.706745
1475205667.284: [80]     49, 0031, -2.712610
1475205667.285: [80]     49, 0031, -2.712610
1475205667.286: [80]     49, 0031, -2.712610
1475205667.286: [80]     49, 0031, -2.712610
1475205667.288: [80]     49, 0031, -2.712610
1475205667.289: [80]     50, 0032, -2.706745
1475205667.290: [80]     49, 0031, -2.712610
1475205667.295: [80]     49, 0031, -2.712610
1475205667.296: [80]     49, 0031, -2.712610
1475205667.297: [02] 25
1475205667.297: [83]      25, 0x00000019,       2, 0x00000002,       0, 0x00000000,       1, 0x00000001,       0, 0x00000000,       0, 0x00000000,       1, 0x00000001,       0, 0x00000000, 
1475205667.297: [04] 0
1475205667.297: [05] 0
1475205667.297: [80]     49, 0031, -2.712610
1475205667.298: [80]     49, 0031, -2.712610
1475205667.299: [80]     49, 0031, -2.712610
1475205667.300: [80]     49, 0031, -2.712610
1475205667.301: [80]     49, 0031, -2.712610
1475205667.302: [80]     49, 0031, -2.712610
1475205667.306: [80]     49, 0031, -2.712610
1475205667.308: [80]     49, 0031, -2.712610
1475205667.309: [80]     49, 0031, -2.712610
1475205667.310: [80]     49, 0031, -2.712610
1475205667.311: [80]     49, 0031, -2.712610
1475205667.312: [80]     49, 0031, -2.712610
1475205667.313: [80]     49, 0031, -2.712610
1475205667.314: [80]     49, 0031, -2.712610
1475205667.315: [80]     49, 0031, -2.712610
1475205667.316: [80]     49, 0031, -2.712610
1475205667.317: [80]     50, 0032, -2.706745
1475205667.318: [80]     49, 0031, -2.712610
1475205667.319: [80]     50, 0032, -2.706745
1475205667.320: [80]     49, 0031, -2.712610
1475205667.321: [80]     50, 0032, -2.706745
1475205667.322: [80]     49, 0031, -2.712610
1475205667.327: [80]     49, 0031, -2.712610
1475205667.331: [80]     49, 0031, -2.712610
1475205667.331: [80]     49, 0031, -2.712610
1475205667.332: [80]     49, 0031, -2.712610
1475205667.333: [80]     49, 0031, -2.712610
1475205667.334: [80]     50, 0032, -2.706745
1475205667.335: [80]     50, 0032, -2.706745
1475205667.336: [80]     50, 0032, -2.706745
1475205667.341: [80]     50, 0032, -2.706745
1475205667.342: [80]     49, 0031, -2.712610
1475205667.343: [80]     49, 0031, -2.712610
1475205667.344: [80]     50, 0032, -2.706745
1475205667.345: [80]     49, 0031, -2.712610
1475205667.346: [80]     49, 0031, -2.712610
1475205667.347: [80]     49, 0031, -2.712610
1475205667.348: [80]     49, 0031, -2.712610
1475205667.353: [80]     49, 0031, -2.712610
1475205667.354: [80]     50, 0032, -2.706745
1475205667.355: [80]     49, 0031, -2.712610
1475205667.357: [80]     49, 0031, -2.712610
1475205667.358: [80]     49, 0031, -2.712610
1475205667.359: [80]     49, 0031, -2.712610
1475205667.360: [80]     49, 0031, -2.712610
1475205667.361: [80]     50, 0032, -2.706745
1475205667.364: [80]     50, 0032, -2.706745
1475205667.365: [80]     49, 0031, -2.712610
1475205667.366: [80]     49, 0031, -2.712610
1475205667.368: [80]     50, 0032, -2.706745
1475205667.368: [80]     49, 0031, -2.712610
1475205667.369: [80]     50, 0032, -2.706745
1475205667.371: [80]     49, 0031, -2.712610
1475205667.381: [80]     49, 0031, -2.712610
1475205667.381: [80]     50, 0032, -2.706745
1475205667.382: [80]     49, 0031, -2.712610
1475205667.383: [80]     49, 0031, -2.712610
1475205667.384: [80]     50, 0032, -2.706745
1475205667.385: [80]     49, 0031, -2.712610
1475205667.387: [80]     50, 0032, -2.706745
1475205667.388: [80]     49, 0031, -2.712610
1475205667.388: [80]     49, 0031, -2.712610
1475205667.394: [80]     49, 0031, -2.712610
1475205667.406: [80]     49, 0031, -2.712610
1475205667.406: [80]     49, 0031, -2.712610
1475205667.407: [80]     49, 0031, -2.712610
1475205667.408: [80]     49, 0031, -2.712610
1475205667.409: [80]     50, 0032, -2.706745
1475205667.410: [80]     49, 0031, -2.712610
1475205667.411: [80]     50, 0032, -2.706745
1475205667.412: [80]     50, 0032, -2.706745
1475205667.413: [80]     49, 0031, -2.712610
1475205667.414: [80]     50, 0032, -2.706745
1475205667.417: [80]     49, 0031, -2.712610
1475205667.417: [80]     49, 0031, -2.712610
1475205667.418: [80]     50, 0032, -2.706745
1475205667.419: [80]     50, 0032, -2.706745
1475205667.420: [80]     50, 0032, -2.706745
1475205667.424: [80]     50, 0032, -2.706745
1475205667.425: [80]     50, 0032, -2.706745
1475205667.427: [80]     50, 0032, -2.706745
1475205667.428: [80]     50, 0032, -2.706745
1475205667.428: [80]     50, 0032, -2.706745
1475205667.456: [80]     50, 0032, -2.706745
1475205667.456: [80]     50, 0032, -2.706745
1475205667.457: [80]     50, 0032, -2.706745
1475205667.460: [80]     50, 0032, -2.706745
1475205667.461: [80]     49, 0031, -2.712610
1475205667.462: [80]     49, 0031, -2.712610
1475205667.464: [80]     49, 0031, -2.712610
1475205667.464: [80]     50, 0032, -2.706745
1475205667.465: [80]     49, 0031, -2.712610
1475205667.466: [80]     49, 0031, -2.712610
1475205667.467: [80]     50, 0032, -2.706745
1475205667.472: [80]     50, 0032, -2.706745
1475205667.473: [80]     50, 0032, -2.706745
1475205667.474: [80]     49, 0031, -2.712610
1475205667.475: [80]     49, 0031, -2.712610
1475205667.476: [80]     49, 0031, -2.712610
1475205667.478: [80]     49, 0031, -2.712610
1475205667.479: [80]     50, 0032, -2.706745
1475205667.480: [80]     49, 0031, -2.712610
1475205667.481: [80]     50, 0032, -2.706745
1475205667.482: [80]     50, 0032, -2.706745
1475205667.483: [80]     49, 0031, -2.712610
1475205667.484: [80]     49, 0031, -2.712610
1475205667.485: [80]     49, 0031, -2.712610
1475205667.486: [80]     49, 0031, -2.712610
1475205667.491: [80]     50, 0032, -2.706745
1475205667.492: [80]     50, 0032, -2.706745
1475205667.493: [80]     49, 0031, -2.712610
1475205667.494: [80]     50, 0032, -2.706745
1475205667.495: [80]     50, 0032, -2.706745
1475205667.496: [80]     49, 0031, -2.712610
1475205667.497: [80]     49, 0031, -2.712610
1475205667.498: [80]     50, 0032, -2.706745
1475205667.499: [80]     50, 0032, -2.706745
1475205667.500: [80]     50, 0032, -2.706745
1475205667.501: [80]     49, 0031, -2.712610
1475205667.502: [80]     49, 0031, -2.712610
1475205667.503: [80]     50, 0032, -2.706745
1475205667.504: [80]     50, 0032, -2.706745
1475205667.505: [80]     49, 0031, -2.712610
1475205667.531: [80]     50, 0032, -2.706745
1475205667.531: [80]     50, 0032, -2.706745
1475205667.532: [80]     50, 0032, -2.706745
1475205667.533: [80]     50, 0032, -2.706745
1475205667.534: [80]     50, 0032, -2.706745
1475205667.536: [80]     50, 0032, -2.706745
1475205667.537: [80]     50, 0032, -2.706745
1475205667.538: [80]     50, 0032, -2.706745
1475205667.543: [80]     50, 0032, -2.706745
1475205667.544: [80]     49, 0031, -2.712610
1475205667.545: [80]     50, 0032, -2.706745
1475205667.546: [80]     50, 0032, -2.706745
1475205667.547: [80]     50, 0032, -2.706745
1475205667.548: [80]     50, 0032, -2.706745
1475205667.549: [80]     50, 0032, -2.706745
1475205667.550: [80]     50, 0032, -2.706745
1475205667.555: [80]     50, 0032, -2.706745
1475205667.556: [80]     50, 0032, -2.706745
1475205667.557: [80]     50, 0032, -2.706745
1475205667.558: [80]     50, 0032, -2.706745
1475205667.559: [80]     50, 0032, -2.706745
1475205667.561: [80]     50, 0032, -2.706745
1475205667.562: [80]     50, 0032, -2.706745
1475205667.563: [80]     50, 0032, -2.706745
1475205667.564: [80]     50, 0032, -2.706745
1475205667.565: [80]     50, 0032, -2.706745
1475205667.566: [80]     50, 0032, -2.706745
1475205667.567: [80]     50, 0032, -2.706745
1475205667.568: [80]     50, 0032, -2.706745
1475205667.569: [80]     50, 0032, -2.706745
1475205667.581: [80]     50, 0032, -2.706745
1475205667.581: [80]     50, 0032, -2.706745
1475205667.582: [80]     50, 0032, -2.706745
1475205667.584: [80]     50, 0032, -2.706745
1475205667.585: [80]     50, 0032, -2.706745
1475205667.586: [80]     50, 0032, -2.706745
1475205667.587: [80]     50, 0032, -2.706745
1475205667.587: [80]     50, 0032, -2.706745
1475205667.589: [80]     50, 0032, -2.706745
1475205667.589: [80]     50, 0032, -2.706745
1475205667.631: [80]     50, 0032, -2.706745
1475205667.631: [80]     50, 0032, -2.706745
1475205667.632: [80]     49, 0031, -2.712610
1475205667.633: [80]     49, 0031, -2.712610
1475205667.634: [80]     50, 0032, -2.706745
1475205667.635: [80]     50, 0032, -2.706745
1475205667.636: [80]     50, 0032, -2.706745
1475205667.637: [80]     50, 0032, -2.706745
1475205667.642: [80]     50, 0032, -2.706745
1475205667.643: [80]     50, 0032, -2.706745
1475205667.644: [80]     50, 0032, -2.706745
1475205667.645: [80]     50, 0032, -2.706745
1475205667.646: [80]     50, 0032, -2.706745
1475205667.648: [80]     50, 0032, -2.706745
1475205667.649: [80]     50, 0032, -2.706745
1475205667.650: [80]     50, 0032, -2.706745
1475205667.654: [80]     50, 0032, -2.706745
1475205667.655: [80]     50, 0032, -2.706745
1475205667.656: [80]     50, 0032, -2.706745
1475205667.657: [80]     50, 0032, -2.706745
1475205667.659: [80]     50, 0032, -2.706745
1475205667.660: [80]     50, 0032, -2.706745
1475205667.661: [80]     50, 0032, -2.706745
1475205667.662: [80]     50, 0032, -2.706745
1475205667.663: [80]     50, 0032, -2.706745
1475205667.664: [80]     50, 0032, -2.706745
1475205667.665: [80]     50, 0032, -2.706745
1475205667.666: [80]     50, 0032, -2.706745
1475205667.667: [80]     50, 0032, -2.706745
1475205667.668: [80]     50, 0032, -2.706745
1475205667.669: [80]     50, 0032, -2.706745
1475205667.670: [80]     50, 0032, -2.706745
1475205667.675: [80]     50, 0032, -2.706745
1475205667.676: [80]     50, 0032, -2.706745
1475205667.677: [80]     50, 0032, -2.706745
1475205667.678: [80]     50, 0032, -2.706745
1475205667.679: [80]     50, 0032, -2.706745
1475205667.680: [80]     50, 0032, -2.706745
1475205667.682: [80]     50, 0032, -2.706745
1475205667.683: [80]     50, 0032, -2.706745
1475205667.684: [80]     50, 0032, -2.706745
1475205667.685: [80]     50, 0032, -2.706745
1475205667.686: [80]     50, 0032, -2.706745
1475205667.687: [80]     50, 0032, -2.706745
1475205667.689: [80]     50, 0032, -2.706745
1475205667.689: [80]     50, 0032, -2.706745
1475205667.695: [80]     50, 0032, -2.706745
1475205667.696: [80]     50, 0032, -2.706745
1475205667.697: [80]     50, 0032, -2.706745
1475205667.698: [80]     50, 0032, -2.706745
1475205667.699: [80]     50, 0032, -2.706745
1475205667.700: [80]     50, 0032, -2.706745
1475205667.701: [80]     50, 0032, -2.706745
1475205667.706: [80]     50, 0032, -2.706745
1475205667.707: [80]     50, 0032, -2.706745
1475205667.708: [80]     50, 0032, -2.706745
1475205667.709: [80]     50, 0032, -2.706745
1475205667.710: [80]     50, 0032, -2.706745
1475205667.711: [80]     50, 0032, -2.706745
1475205667.712: [80]     50, 0032, -2.706745
1475205667.721: [80]     50, 0032, -2.706745
1475205667.721: [80]     50, 0032, -2.706745
1475205667.722: [80]     50, 0032, -2.706745
1475205667.723: [80]     49, 0031, -2.712610
1475205667.724: [80]     50, 0032, -2.706745
1475205667.726: [80]     50, 0032, -2.706745
1475205667.727: [80]     50, 0032, -2.706745
1475205667.728: [80]     50, 0032, -2.706745
1475205667.730: [80]     50, 0032, -2.706745
1475205667.731: [80]     50, 0032, -2.706745
1475205667.732: [80]     50, 0032, -2.706745
1475205667.733: [80]     50, 0032, -2.706745
1475205667.734: [80]     50, 0032, -2.706745
1475205667.735: [80]     50, 0032, -2.706745
1475205667.736: [80]     50, 0032, -2.706745
1475205667.737: [80]     50, 0032, -2.706745
1475205667.738: [80]     50, 0032, -2.706745
1475205667.743: [80]     50, 0032, -2.706745
1475205667.744: [80]     51, 0033, -2.700880
1475205667.745: [80]     50, 0032, -2.706745
1475205667.769: [80]     50, 0032, -2.706745
1475205667.770: [80]     50, 0032, -2.706745
1475205667.771: [80]     50, 0032, -2.706745
1475205667.772: [80]     50, 0032, -2.706745
1475205667.773: [80]     50, 0032, -2.706745
1475205667.774: [80]     50, 0032, -2.706745
1475205667.776: [80]     50, 0032, -2.706745
1475205667.777: [80]     50, 0032, -2.706745
1475205667.778: [80]     50, 0032, -2.706745
1475205667.779: [80]     50, 0032, -2.706745
1475205667.780: [80]     50, 0032, -2.706745
1475205667.781: [80]     50, 0032, -2.706745
1475205667.782: [80]     50, 0032, -2.706745
1475205667.787: [80]     50, 0032, -2.706745
1475205667.789: [80]     50, 0032, -2.706745
1475205667.790: [80]     50, 0032, -2.706745
1475205667.791: [80]     50, 0032, -2.706745
1475205667.792: [80]     50, 0032, -2.706745
1475205667.793: [80]     49, 0031, -2.712610
1475205667.795: [80]     50, 0032, -2.706745
1475205667.796: [80]     50, 0032, -2.706745
1475205667.797: [80]     50, 0032, -2.706745
1475205667.798: [80]     50, 0032, -2.706745
1475205667.799: [80]     50, 0032, -2.706745
1475205667.800: [80]     50, 0032, -2.706745
1475205667.801: [80]     50, 0032, -2.706745
1475205667.802: [80]     50, 0032, -2.706745
1475205667.803: [80]     50, 0032, -2.706745
1475205667.804: [80]     50, 0032, -2.706745
1475205667.809: [80]     50, 0032, -2.706745
1475205667.810: [80]     50, 0032, -2.706745
1475205667.811: [80]     50, 0032, -2.706745
1475205667.812: [80]     50, 0032, -2.706745
1475205667.813: [80]     50, 0032, -2.706745
1475205667.814: [80]     50, 0032, -2.706745
1475205667.815: [80]     50, 0032, -2.706745
1475205667.816: [80]     50, 0032, -2.706745
1475205667.821: [80]     50, 0032, -2.706745
1475205667.822: [80]     50, 0032, -2.706745
1475205667.823: [80]     50, 0032, -2.706745
1475205667.844: [80]     50, 0032, -2.706745
1475205667.845: [80]     50, 0032, -2.706745
1475205667.847: [80]     50, 0032, -2.706745
1475205667.849: [80]     50, 0032, -2.706745
1475205667.850: [80]     50, 0032, -2.706745
1475205667.851: [80]     50, 0032, -2.706745
1475205667.852: [80]     50, 0032, -2.706745
1475205667.853: [80]     50, 0032, -2.706745
1475205667.854: [80]     50, 0032, -2.706745
1475205667.855: [80]     50, 0032, -2.706745
1475205667.856: [80]     50, 0032, -2.706745
1475205667.857: [80]     50, 0032, -2.706745
1475205667.858: [80]     50, 0032, -2.706745
1475205667.864: [80]     50, 0032, -2.706745
1475205667.865: [80]     50, 0032, -2.706745
1475205667.866: [80]     51, 0033, -2.700880
1475205667.867: [80]     50, 0032, -2.706745
1475205667.868: [80]     50, 0032, -2.706745
1475205667.870: [80]     50, 0032, -2.706745
1475205667.871: [80]     50, 0032, -2.706745
1475205667.872: [80]     50, 0032, -2.706745
1475205667.876: [80]     50, 0032, -2.706745
1475205667.878: [80]     50, 0032, -2.706745
1475205667.879: [80]     50, 0032, -2.706745
1475205667.880: [80]     50, 0032, -2.706745
1475205667.881: [80]     50, 0032, -2.706745
1475205667.883: [80]     50, 0032, -2.706745
1475205667.884: [80]     50, 0032, -2.706745
1475205667.885: [80]     50, 0032, -2.706745
1475205667.886: [80]     51, 0033, -2.700880
1475205667.895: [80]     50, 0032, -2.706745
1475205667.896: [80]     50, 0032, -2.706745
1475205667.897: [80]     50, 0032, -2.706745
1475205667.898: [80]     51, 0033, -2.700880
1475205667.899: [80]     50, 0032, -2.706745
1475205667.901: [80]     50, 0032, -2.706745
1475205667.902: [80]     50, 0032, -2.706745
1475205667.903: [80]     50, 0032, -2.706745
1475205667.904: [80]     50, 0032, -2.706745
1475205667.905: [80]     50, 0032, -2.706745
1475205667.906: [80]     50, 0032, -2.706745
1475205667.907: [80]     50, 0032, -2.706745
1475205667.913: [80]     50, 0032, -2.706745
1475205667.914: [80]     50, 0032, -2.706745
1475205667.915: [80]     50, 0032, -2.706745
1475205667.916: [80]     50, 0032, -2.706745
1475205667.917: [80]     50, 0032, -2.706745
1475205667.919: [80]     50, 0032, -2.706745
1475205667.920: [80]     50, 0032, -2.706745
1475205667.921: [80]     50, 0032, -2.706745
1475205667.945: [80]     50, 0032, -2.706745
1475205667.946: [80]     50, 0032, -2.706745
1475205667.947: [80]     50, 0032, -2.706745
1475205667.948: [80]     50, 0032, -2.706745
1475205667.949: [80]     50, 0032, -2.706745
1475205667.950: [80]     50, 0032, -2.706745
1475205667.951: [80]     50, 0032, -2.706745
1475205667.952: [80]     50, 0032, -2.706745
1475205667.957: [80]     50, 0032, -2.706745
1475205667.958: [80]     50, 0032, -2.706745
1475205667.959: [80]     50, 0032, -2.706745
1475205667.961: [80]     50, 0032, -2.706745
1475205667.962: [80]     50, 0032, -2.706745
1475205667.963: [80]     50, 0032, -2.706745
1475205667.964: [80]     50, 0032, -2.706745
1475205667.965: [80]     50, 0032, -2.706745
1475205667.966: [80]     50, 0032, -2.706745
1475205667.967: [80]     50, 0032, -2.706745
1475205667.968: [80]     50, 0032, -2.706745
1475205667.969: [80]     50, 0032, -2.706745
1475205667.970: [80]     50, 0032, -2.706745
1475205667.971: [80]     50, 0032, -2.706745
1475205667.973: [80]     50, 0032, -2.706745
1475205667.974: [80]     49, 0031, -2.712610
1475205667.979: [80]     49, 0031, -2.712610
1475205667.980: [80]     49, 0031, -2.712610
1475205667.981: [80]     50, 0032, -2.706745
1475205667.982: [80]     50, 0032, -2.706745
1475205667.983: [80]     50, 0032, -2.706745
1475205667.984: [80]     50, 0032, -2.706745
1475205667.985: [80]     50, 0032, -2.706745
1475205667.986: [80]     49, 0031, -2.712610
1475205667.990: [80]     50, 0032, -2.706745
1475205667.992: [80]     50, 0032, -2.706745
1475205667.993: [80]     50, 0032, -2.706745
1475205667.994: [80]     50, 0032, -2.706745
1475205667.995: [80]     50, 0032, -2.706745
1475205667.996: [80]     49, 0031, -2.712610
1475205667.997: [80]     50, 0032, -2.706745
1475205667.998: [80]     50, 0032, -2.706745
1475205668.020: [80]     50, 0032, -2.706745
1475205668.021: [80]     50, 0032, -2.706745
1475205668.022: [80]     50, 0032, -2.706745
1475205668.023: [80]     50, 0032, -2.706745
1475205668.024: [80]     50, 0032, -2.706745
1475205668.025: [80]     49, 0031, -2.712610
1475205668.026: [80]     50, 0032, -2.706745
1475205668.027: [80]     50, 0032, -2.706745
1475205668.031: [80]     49, 0031, -2.712610
1475205668.032: [80]     49, 0031, -2.712610
1475205668.033: [80]     49, 0031, -2.712610
1475205668.034: [80]     50, 0032, -2.706745
1475205668.035: [80]     49, 0031, -2.712610
1475205668.036: [80]     49, 0031, -2.712610
1475205668.037: [80]     49, 0031, -2.712610
1475205668.038: [80]     49, 0031, -2.712610
1475205668.042: [80]     49, 0031, -2.712610
1475205668.043: [80]     49, 0031, -2.712610
1475205668.044: [80]     49, 0031, -2.712610
1475205668.045: [80]     49, 0031, -2.712610
1475205668.046: [80]     49, 0031, -2.712610
1475205668.047: [80]     49, 0031, -2.712610
1475205668.048: [80]     49, 0031, -2.712610
1475205668.049: [80]     50, 0032, -2.706745
1475205668.054: [80]     50, 0032, -2.706745
1475205668.055: [80]     49, 0031, -2.712610
1475205668.056: [80]     49, 0031, -2.712610
1475205668.057: [80]     49, 0031, -2.712610
1475205668.058: [80]     49, 0031, -2.712610
1475205668.059: [80]     49, 0031, -2.712610
1475205668.070: [80]     49, 0031, -2.712610
1475205668.071: [80]     49, 0031, -2.712610
1475205668.072: [80]     49, 0031, -2.712610
1475205668.073: [80]     49, 0031, -2.712610
1475205668.074: [80]     49, 0031, -2.712610
1475205668.075: [80]     49, 0031, -2.712610
1475205668.076: [80]     49, 0031, -2.712610
1475205668.077: [80]     49, 0031, -2.712610
1475205668.079: [80]     49, 0031, -2.712610
1475205668.080: [80]     49, 0031, -2.712610
1475205668.081: [80]     49, 0031, -2.712610
1475205668.082: [80]     49, 0031, -2.712610
1475205668.083: [80]     49, 0031, -2.712610
1475205668.084: [80]     48, 0030, -2.718475
1475205668.085: [80]     48, 0030, -2.718475
1475205668.086: [80]     49, 0031, -2.712610
1475205668.088: [80]     49, 0031, -2.712610
1475205668.089: [80]     48, 0030, -2.718475
1475205668.093: [80]     48, 0030, -2.718475
1475205668.094: [80]     48, 0030, -2.718475
1475205668.120: [80]     49, 0031, -2.712610
1475205668.121: [80]     48, 0030, -2.718475
1475205668.122: [80]     48, 0030, -2.718475
1475205668.123: [80]     49, 0031, -2.712610
1475205668.124: [80]     49, 0031, -2.712610
1475205668.125: [80]     48, 0030, -2.718475
1475205668.126: [80]     45, 002D, -2.736070
1475205668.127: [80]     48, 0030, -2.718475
1475205668.128: [80]     49, 0031, -2.712610
1475205668.129: [80]     49, 0031, -2.712610
1475205668.130: [80]     48, 0030, -2.718475
1475205668.131: [80]     48, 0030, -2.718475
1475205668.132: [80]     48, 0030, -2.718475
1475205668.133: [80]     48, 0030, -2.718475
1475205668.134: [80]     45, 002D, -2.736070
1475205668.135: [80]     45, 002D, -2.736070
1475205668.136: [80]     48, 0030, -2.718475
1475205668.138: [80]     48, 0030, -2.718475
1475205668.139: [80]     45, 002D, -2.736070
1475205668.140: [80]     45, 002D, -2.736070
1475205668.145: [80]     48, 0030, -2.718475
1475205668.146: [80]     48, 0030, -2.718475
1475205668.147: [80]     49, 0031, -2.712610
1475205668.148: [80]     45, 002D, -2.736070
1475205668.149: [80]     45, 002D, -2.736070
1475205668.150: [80]     48, 0030, -2.718475
1475205668.151: [80]     48, 0030, -2.718475
1475205668.152: [80]     45, 002D, -2.736070
1475205668.156: [80]     45, 002D, -2.736070
1475205668.157: [80]     48, 0030, -2.718475
1475205668.161: [80]     45, 002D, -2.736070
1475205668.162: [80]     44, 002C, -2.741935
1475205668.163: [80]     44, 002C, -2.741935
1475205668.164: [80]     45, 002D, -2.736070
1475205668.165: [80]     44, 002C, -2.741935
1475205668.166: [80]     42, 002A, -2.753666
1475205668.167: [80]     41, 0029, -2.759531
1475205668.168: [80]     42, 002A, -2.753666
1475205668.169: [80]     43, 002B, -2.747801
1475205668.170: [80]     43, 002B, -2.747801
1475205668.195: [80]     42, 002A, -2.753666
1475205668.195: [80]     43, 002B, -2.747801
1475205668.197: [80]     44, 002C, -2.741935
1475205668.198: [80]     44, 002C, -2.741935
1475205668.199: [80]     42, 002A, -2.753666
1475205668.200: [80]     42, 002A, -2.753666
1475205668.201: [80]     42, 002A, -2.753666
1475205668.202: [80]     42, 002A, -2.753666
1475205668.203: [80]     42, 002A, -2.753666
1475205668.204: [80]     40, 0028, -2.765396
1475205668.205: [80]     41, 0029, -2.759531
1475205668.206: [80]     42, 002A, -2.753666
1475205668.211: [80]     40, 0028, -2.765396
1475205668.212: [80]     39, 0027, -2.771261
1475205668.213: [80]     40, 0028, -2.765396
1475205668.214: [80]     42, 002A, -2.753666
1475205668.215: [80]     41, 0029, -2.759531
1475205668.216: [80]     40, 0028, -2.765396
1475205668.217: [80]     40, 0028, -2.765396
1475205668.218: [80]     41, 0029, -2.759531
1475205668.245: [80]     42, 002A, -2.753666
1475205668.245: [80]     41, 0029, -2.759531
1475205668.247: [80]     41, 0029, -2.759531
1475205668.248: [80]     43, 002B, -2.747801
1475205668.249: [80]     43, 002B, -2.747801
1475205668.250: [80]     42, 002A, -2.753666
1475205668.251: [80]     42, 002A, -2.753666
1475205668.252: [80]     42, 002A, -2.753666
1475205668.257: [80]     42, 002A, -2.753666
1475205668.258: [80]     41, 0029, -2.759531
1475205668.259: [80]     41, 0029, -2.759531
1475205668.260: [80]     41, 0029, -2.759531
1475205668.261: [80]     41, 0029, -2.759531
1475205668.262: [80]     40, 0028, -2.765396
1475205668.263: [80]     39, 0027, -2.771261
1475205668.264: [80]     40, 0028, -2.765396
1475205668.265: [80]     41, 0029, -2.759531
1475205668.266: [80]     41, 0029, -2.759531
1475205668.267: [80]     40, 0028, -2.765396
1475205668.268: [80]     39, 0027, -2.771261
1475205668.269: [80]     41, 0029, -2.759531
1475205668.270: [80]     42, 002A, -2.753666
1475205668.271: [80]     41, 0029, -2.759531
1475205668.272: [80]     39, 0027, -2.771261
1475205668.277: [80]     39, 0027, -2.771261
1475205668.278: [80]     41, 0029, -2.759531
1475205668.279: [80]     40, 0028, -2.765396
1475205668.280: [80]     39, 0027, -2.771261
1475205668.281: [80]     38, 0026, -2.777126
1475205668.295: [02] 25
1475205668.295: [83]     757, 0x000002F5,     150, 0x00000096,       9, 0x00000009,       6, 0x00000006,      13, 0x0000000D,       7, 0x00000007,       3, 0x00000003,       1, 0x00000001, 
1475205668.295: [04] 0
1475205668.295: [05] 0
1475205668.295: [80]     13, 000D, -2.923754
1475205668.296: [80]     13, 000D, -2.923754
1475205668.297: [80]     13, 000D, -2.923754
1475205668.298: [80]     13, 000D, -2.923754
1475205668.299: [80]     13, 000D, -2.923754
1475205668.300: [80]     13, 000D, -2.923754
1475205668.301: [80]     13, 000D, -2.923754
1475205668.303: [80]     13, 000D, -2.923754
1475205668.304: [80]     13, 000D, -2.923754
1475205668.305: [80]     13, 000D, -2.923754
1475205668.306: [80]     13, 000D, -2.923754
1475205668.311: [80]     13, 000D, -2.923754
1475205668.312: [80]     13, 000D, -2.923754
1475205668.313: [80]     13, 000D, -2.923754
1475205668.314: [80]     13, 000D, -2.923754
1475205668.315: [80]     13, 000D, -2.923754
1475205668.316: [80]     13, 000D, -2.923754
1475205668.317: [80]     13, 000D, -2.923754
1475205668.318: [80]     13, 000D, -2.923754
1475205668.319: [80]     13, 000D, -2.923754
1475205668.320: [80]     13, 000D, -2.923754
1475205668.321: [80]     13, 000D, -2.923754
1475205668.323: [80]     13, 000D, -2.923754
1475205668.324: [80]     13, 000D, -2.923754
1475205668.325: [80]     13, 000D, -2.923754
1475205668.330: [80]     13, 000D, -2.923754
1475205668.331: [80]      6, 0006, -2.964809
1475205668.359: [80]    163, 00A3, -2.043988
1475205668.359: [80]    289, 0121, -1.304985
1475205668.360: [80]    277, 0115, -1.375367
1475205668.361: [80]    123, 007B, -2.278592
1475205668.362: [80]    -99, FF9D, -3.580645
1475205668.363: [80]   -274, FEEE, -4.607038
1475205668.364: [80]   -297, FED7, -4.741935
1475205668.365: [80]   -166, FF5A, -3.973607
1475205668.366: [80]     17, 0011, -2.900293
1475205668.367: [80]    132, 0084, -2.225806
1475205668.368: [80]    156, 009C, -2.085044
1475205668.369: [80]    115, 0073, -2.325513
1475205668.371: [80]     21, 0015, -2.876833
1475205668.371: [80]    -89, FFA7, -3.521994
1475205668.376: [80]   -147, FF6D, -3.862170
1475205668.377: [80]   -116, FF8C, -3.680352
1475205668.378: [80]    -35, FFDD, -3.205279
1475205668.379: [80]     23, 0017, -2.865103
1475205668.380: [80]     35, 0023, -2.794721
1475205668.381: [80]     33, 0021, -2.806452
1475205668.382: [80]     26, 001A, -2.847507
1475205668.383: [80]     -3, FFFD, -3.017595
1475205668.387: [80]    -58, FFC6, -3.340176
1475205668.389: [80]    -78, FFB2, -3.457478
1475205668.390: [80]    -39, FFD9, -3.228739
1475205668.390: [80]     24, 0018, -2.859237
1475205668.392: [80]     58, 003A, -2.659824
1475205668.393: [80]     64, 0040, -2.624633
1475205668.394: [80]     59, 003B, -2.653959
1475205668.395: [80]     53, 0035, -2.689150
1475205668.408: [80]     21, 0015, -2.876833
1475205668.408: [80]     -3, FFFD, -3.017595
1475205668.409: [80]      7, 0007, -2.958944
1475205668.410: [80]     33, 0021, -2.806452
1475205668.411: [80]     35, 0023, -2.794721
1475205668.412: [80]     22, 0016, -2.870968
1475205668.413: [80]     24, 0018, -2.859237
1475205668.414: [80]     54, 0036, -2.683285
1475205668.415: [80]     72, 0048, -2.577713
1475205668.416: [80]     49, 0031, -2.712610
1475205668.417: [80]     28, 001C, -2.835777
1475205668.418: [80]     39, 0027, -2.771261
1475205668.419: [80]     67, 0043, -2.607038
1475205668.420: [80]     75, 004B, -2.560117
1475205668.421: [80]     64, 0040, -2.624633
1475205668.422: [80]     55, 0037, -2.677419
1475205668.427: [80]     51, 0033, -2.700880
1475205668.428: [80]     33, 0021, -2.806452
1475205668.429: [80]      5, 0005, -2.970675
1475205668.430: [80]     -4, FFFC, -3.023460
1475205668.431: [80]      7, 0007, -2.958944
1475205668.432: [80]     25, 0019, -2.853372
1475205668.433: [80]     26, 001A, -2.847507
1475205668.434: [80]     32, 0020, -2.812317
1475205668.439: [80]     52, 0034, -2.695015
1475205668.440: [80]     53, 0035, -2.689150
1475205668.441: [80]     36, 0024, -2.788856
1475205668.442: [80]     36, 0024, -2.788856
1475205668.443: [80]     65, 0041, -2.618768
1475205668.444: [80]     92, 005C, -2.460411
1475205668.457: [80]     88, 0058, -2.483871
1475205668.458: [80]     73, 0049, -2.571847
1475205668.463: [80]     75, 004B, -2.560117
1475205668.464: [80]    100, 0064, -2.413490
1475205668.465: [80]     99, 0063, -2.419355
1475205668.466: [80]     75, 004B, -2.560117
1475205668.467: [80]     81, 0051, -2.524927
1475205668.468: [80]    107, 006B, -2.372434
1475205668.469: [80]    115, 0073, -2.325513
1475205668.470: [80]     74, 004A, -2.565982
1475205668.474: [80]     50, 0032, -2.706745
1475205668.476: [80]     60, 003C, -2.648094
1475205668.477: [80]     86, 0056, -2.495601
1475205668.478: [80]     91, 005B, -2.466276
1475205668.479: [80]     72, 0048, -2.577713
1475205668.480: [80]     53, 0035, -2.689150
1475205668.481: [80]     56, 0038, -2.671554
1475205668.482: [80]     53, 0035, -2.689150
1475205668.487: [80]     49, 0031, -2.712610
1475205668.488: [80]     61, 003D, -2.642229
1475205668.489: [80]     85, 0055, -2.501466
1475205668.490: [80]     81, 0051, -2.524927
1475205668.491: [80]     43, 002B, -2.747801
1475205668.492: [80]     22, 0016, -2.870968
1475205668.494: [80]     48, 0030, -2.718475
1475205668.495: [80]     85, 0055, -2.501466
1475205668.498: [80]     85, 0055, -2.501466
1475205668.499: [80]     71, 0047, -2.583578
1475205668.500: [80]     71, 0047, -2.583578
1475205668.501: [80]     73, 0049, -2.571847
1475205668.507: [80]     56, 0038, -2.671554
1475205668.508: [80]     38, 0026, -2.777126
1475205668.509: [80]     50, 0032, -2.706745
1475205668.510: [80]     74, 004A, -2.565982
1475205668.515: [80]     65, 0041, -2.618768
1475205668.516: [80]     32, 0020, -2.812317
1475205668.517: [80]     21, 0015, -2.876833
1475205668.518: [80]     38, 0026, -2.777126
1475205668.519: [80]     54, 0036, -2.683285
1475205668.520: [80]     51, 0033, -2.700880
1475205668.521: [80]     54, 0036, -2.683285
1475205668.522: [80]     66, 0042, -2.612903
1475205668.526: [80]     70, 0046, -2.589443
1475205668.527: [80]     55, 0037, -2.677419
1475205668.529: [80]     39, 0027, -2.771261
1475205668.530: [80]     49, 0031, -2.712610
1475205668.531: [80]     65, 0041, -2.618768
1475205668.532: [80]     54, 0036, -2.683285
1475205668.533: [80]     28, 001C, -2.835777
1475205668.534: [80]     36, 0024, -2.788856
1475205668.557: [80]     69, 0045, -2.595308
1475205668.558: [80]     82, 0052, -2.519062
1475205668.559: [80]     67, 0043, -2.607038
1475205668.560: [80]     71, 0047, -2.583578
1475205668.561: [80]    105, 0069, -2.384164
1475205668.562: [80]    124, 007C, -2.272727
1475205668.563: [80]    106, 006A, -2.378299
1475205668.564: [80]     82, 0052, -2.519062
1475205668.565: [80]     98, 0062, -2.425220
1475205668.566: [80]    120, 0078, -2.296188
1475205668.567: [80]     87, 0057, -2.489736
1475205668.568: [80]     49, 0031, -2.712610
1475205668.569: [80]     55, 0037, -2.677419
1475205668.574: [80]     87, 0057, -2.489736
1475205668.575: [80]     93, 005D, -2.454545
1475205668.576: [80]     66, 0042, -2.612903
1475205668.577: [80]     56, 0038, -2.671554
1475205668.578: [80]     82, 0052, -2.519062
1475205668.579: [80]     98, 0062, -2.425220
1475205668.580: [80]     82, 0052, -2.519062
1475205668.582: [80]     71, 0047, -2.583578
1475205668.583: [80]     88, 0058, -2.483871
1475205668.584: [80]    107, 006B, -2.372434
1475205668.585: [80]     99, 0063, -2.419355
1475205668.586: [80]     88, 0058, -2.483871
1475205668.587: [80]    100, 0064, -2.413490
1475205668.588: [80]    106, 006A, -2.378299
1475205668.589: [80]     86, 0056, -2.495601
1475205668.590: [80]     67, 0043, -2.607038
1475205668.595: [80]     72, 0048, -2.577713
1475205668.596: [80]     82, 0052, -2.519062
1475205668.597: [80]     74, 004A, -2.565982
1475205668.598: [80]     54, 0036, -2.683285
1475205668.599: [80]     43, 002B, -2.747801
1475205668.600: [80]     42, 002A, -2.753666
1475205668.601: [80]     52, 0034, -2.695015
1475205668.602: [80]     51, 0033, -2.700880
1475205668.607: [80]     42, 002A, -2.753666
1475205668.608: [80]     55, 0037, -2.677419
1475205668.609: [80]     74, 004A, -2.565982
1475205668.632: [80]     67, 0043, -2.607038
1475205668.633: [80]     44, 002C, -2.741935
1475205668.634: [80]     56, 0038, -2.671554
1475205668.635: [80]     81, 0051, -2.524927
1475205668.636: [80]     70, 0046, -2.589443
1475205668.638: [80]     41, 0029, -2.759531
1475205668.639: [80]     41, 0029, -2.759531
1475205668.639: [80]     65, 0041, -2.618768
1475205668.641: [80]     60, 003C, -2.648094
1475205668.642: [80]     33, 0021, -2.806452
1475205668.642: [80]     33, 0021, -2.806452
1475205668.644: [80]     59, 003B, -2.653959
1475205668.645: [80]     88, 0058, -2.483871
1475205668.646: [80]     83, 0053, -2.513196
1475205668.647: [80]     68, 0044, -2.601173
1475205668.648: [80]     81, 0051, -2.524927
1475205668.649: [80]    106, 006A, -2.378299
1475205668.650: [80]    100, 0064, -2.413490
1475205668.651: [80]     73, 0049, -2.571847
1475205668.652: [80]     74, 004A, -2.565982
1475205668.657: [80]    104, 0068, -2.390029
1475205668.658: [80]    116, 0074, -2.319648
1475205668.659: [80]    101, 0065, -2.407625
1475205668.660: [80]     91, 005B, -2.466276
1475205668.661: [80]    106, 006A, -2.378299
1475205668.662: [80]    118, 0076, -2.307918
1475205668.663: [80]    100, 0064, -2.413490
1475205668.664: [80]     82, 0052, -2.519062
1475205668.665: [80]     92, 005C, -2.460411
1475205668.670: [80]    118, 0076, -2.307918
1475205668.682: [80]    100, 0064, -2.413490
1475205668.683: [80]     58, 003A, -2.659824
1475205668.684: [80]     54, 0036, -2.683285
1475205668.685: [80]     83, 0053, -2.513196
1475205668.686: [80]     88, 0058, -2.483871
1475205668.687: [80]     69, 0045, -2.595308
1475205668.688: [80]     68, 0044, -2.601173
1475205668.689: [80]     86, 0056, -2.495601
1475205668.691: [80]     84, 0054, -2.507331
1475205668.692: [80]     60, 003C, -2.648094
1475205668.697: [80]     55, 0037, -2.677419
1475205668.698: [80]     75, 004B, -2.560117
1475205668.699: [80]     93, 005D, -2.454545
1475205668.700: [80]     81, 0051, -2.524927
1475205668.701: [80]     64, 0040, -2.624633
1475205668.703: [80]     83, 0053, -2.513196
1475205668.704: [80]    107, 006B, -2.372434
1475205668.705: [80]     90, 005A, -2.472141
1475205668.706: [80]     55, 0037, -2.677419
1475205668.707: [80]     56, 0038, -2.671554
1475205668.732: [80]     88, 0058, -2.483871
1475205668.733: [80]    102, 0066, -2.401760
1475205668.734: [80]    100, 0064, -2.413490
1475205668.735: [80]    115, 0073, -2.325513
1475205668.736: [80]    136, 0088, -2.202346
1475205668.737: [80]    124, 007C, -2.272727
1475205668.738: [80]     89, 0059, -2.478006
1475205668.739: [80]     71, 0047, -2.583578
1475205668.740: [80]     72, 0048, -2.577713
1475205668.741: [80]     77, 004D, -2.548387
1475205668.743: [80]     71, 0047, -2.583578
1475205668.748: [80]     64, 0040, -2.624633
1475205668.749: [80]     68, 0044, -2.601173
1475205668.750: [80]     73, 0049, -2.571847
1475205668.751: [80]     53, 0035, -2.689150
1475205668.752: [80]     25, 0019, -2.853372
1475205668.753: [80]     27, 001B, -2.841642
1475205668.754: [80]     56, 0038, -2.671554
1475205668.755: [80]     66, 0042, -2.612903
1475205668.760: [80]     34, 0022, -2.800586
1475205668.761: [80]     17, 0011, -2.900293
1475205668.762: [80]     39, 0027, -2.771261
1475205668.764: [80]     72, 0048, -2.577713
1475205668.764: [80]     73, 0049, -2.571847
1475205668.766: [80]     66, 0042, -2.612903
1475205668.767: [80]     69, 0045, -2.595308
1475205668.768: [80]     72, 0048, -2.577713
1475205668.772: [80]     61, 003D, -2.642229
1475205668.773: [80]     68, 0044, -2.601173
1475205668.774: [80]     90, 005A, -2.472141
1475205668.782: [80]    114, 0072, -2.331378
1475205668.783: [80]    112, 0070, -2.343108
1475205668.784: [80]     89, 0059, -2.478006
1475205668.785: [80]     89, 0059, -2.478006
1475205668.786: [80]    107, 006B, -2.372434
1475205668.787: [80]    104, 0068, -2.390029
1475205668.788: [80]     73, 0049, -2.571847
1475205668.789: [80]     67, 0043, -2.607038
1475205668.790: [80]     93, 005D, -2.454545
1475205668.791: [80]    112, 0070, -2.343108
1475205668.792: [80]     81, 0051, -2.524927
1475205668.793: [80]     59, 003B, -2.653959
1475205668.794: [80]     80, 0050, -2.530792
1475205668.798: [80]    100, 0064, -2.413490
1475205668.799: [80]     93, 005D, -2.454545
1475205668.800: [80]     89, 0059, -2.478006
1475205668.801: [80]     99, 0063, -2.419355
1475205668.802: [80]    106, 006A, -2.378299
1475205668.803: [80]     99, 0063, -2.419355
1475205668.804: [80]     82, 0052, -2.519062
1475205668.832: [80]     82, 0052, -2.519062
1475205668.832: [80]    101, 0065, -2.407625
1475205668.834: [80]    107, 006B, -2.372434
1475205668.835: [80]     80, 0050, -2.530792
1475205668.836: [80]     66, 0042, -2.612903
1475205668.837: [80]     74, 004A, -2.565982
1475205668.838: [80]     83, 0053, -2.513196
1475205668.839: [80]     69, 0045, -2.595308
1475205668.840: [80]     55, 0037, -2.677419
1475205668.845: [80]     65, 0041, -2.618768
1475205668.846: [80]     82, 0052, -2.519062
1475205668.847: [80]     71, 0047, -2.583578
1475205668.848: [80]     49, 0031, -2.712610
1475205668.849: [80]     55, 0037, -2.677419
1475205668.850: [80]     87, 0057, -2.489736
1475205668.851: [80]     99, 0063, -2.419355
1475205668.852: [80]     74, 004A, -2.565982
1475205668.857: [80]     54, 0036, -2.683285
1475205668.858: [80]     70, 0046, -2.589443
1475205668.859: [80]     91, 005B, -2.466276
1475205668.860: [80]     84, 0054, -2.507331
1475205668.861: [80]     75, 004B, -2.560117
1475205668.862: [80]     97, 0061, -2.431085
1475205668.863: [80]    119, 0077, -2.302053
1475205668.864: [80]    101, 0065, -2.407625
1475205668.870: [80]     59, 003B, -2.653959
1475205668.871: [80]     56, 0038, -2.671554
1475205668.872: [80]     88, 0058, -2.483871
1475205668.873: [80]    106, 006A, -2.378299
1475205668.874: [80]     93, 005D, -2.454545
1475205668.875: [80]     80, 0050, -2.530792
1475205668.876: [80]     84, 0054, -2.507331
1475205668.877: [80]     97, 0061, -2.431085
1475205668.881: [80]     84, 0054, -2.507331
1475205668.882: [80]     80, 0050, -2.530792
1475205668.883: [80]    103, 0067, -2.395895
1475205668.884: [80]    113, 0071, -2.337243
1475205668.886: [80]     77, 004D, -2.548387
1475205668.887: [80]     43, 002B, -2.747801
1475205668.888: [80]     42, 002A, -2.753666
1475205668.907: [80]     68, 0044, -2.601173
1475205668.907: [80]     80, 0050, -2.530792
1475205668.909: [80]     70, 0046, -2.589443
1475205668.910: [80]     74, 004A, -2.565982
1475205668.911: [80]     83, 0053, -2.513196
1475205668.912: [80]     61, 003D, -2.642229
1475205668.913: [80]     25, 0019, -2.853372
1475205668.914: [80]     21, 0015, -2.876833
1475205668.915: [80]     52, 0034, -2.695015
1475205668.920: [80]     65, 0041, -2.618768
1475205668.921: [80]     39, 0027, -2.771261
1475205668.922: [80]     37, 0025, -2.782991
1475205668.923: [80]     66, 0042, -2.612903
1475205668.924: [80]     82, 0052, -2.519062
1475205668.925: [80]     57, 0039, -2.665689
1475205668.926: [80]     20, 0014, -2.882698
1475205668.927: [80]     26, 001A, -2.847507
1475205668.931: [80]     59, 003B, -2.653959
1475205668.932: [80]     59, 003B, -2.653959
1475205668.933: [80]     37, 0025, -2.782991
1475205668.934: [80]     40, 0028, -2.765396
1475205668.935: [80]     80, 0050, -2.530792
1475205668.936: [80]     99, 0063, -2.419355
1475205668.937: [80]     83, 0053, -2.513196
1475205668.938: [80]     73, 0049, -2.571847
1475205668.943: [80]     81, 0051, -2.524927
1475205668.944: [80]     85, 0055, -2.501466
1475205668.945: [80]     71, 0047, -2.583578
1475205668.946: [80]     60, 003C, -2.648094
1475205668.947: [80]     69, 0045, -2.595308
1475205668.957: [80]     81, 0051, -2.524927
1475205668.958: [80]     66, 0042, -2.612903
1475205668.959: [80]     50, 0032, -2.706745
1475205668.960: [80]     60, 003C, -2.648094
1475205668.961: [80]     88, 0058, -2.483871
1475205668.962: [80]     85, 0055, -2.501466
1475205668.963: [80]     53, 0035, -2.689150
1475205668.964: [80]     36, 0024, -2.788856
1475205668.965: [80]     52, 0034, -2.695015
1475205668.966: [80]     60, 003C, -2.648094
1475205668.967: [80]     54, 0036, -2.683285
1475205668.968: [80]     66, 0042, -2.612903
1475205668.969: [80]    104, 0068, -2.390029
1475205668.970: [80]    124, 007C, -2.272727
1475205668.971: [80]     96, 0060, -2.436950
1475205668.972: [80]     72, 0048, -2.577713
1475205668.977: [80]     96, 0060, -2.436950
1475205668.978: [80]    136, 0088, -2.202346
1475205668.979: [80]    135, 0087, -2.208211
1475205668.980: [80]     88, 0058, -2.483871
1475205668.997: [80]     57, 0039, -2.665689
1475205668.997: [80]     73, 0049, -2.571847
1475205668.998: [80]    101, 0065, -2.407625
1475205669.000: [80]    101, 0065, -2.407625
1475205669.001: [80]     89, 0059, -2.478006
1475205669.001: [80]     84, 0054, -2.507331
1475205669.002: [80]     84, 0054, -2.507331
1475205669.003: [80]     66, 0042, -2.612903
1475205669.004: [80]     39, 0027, -2.771261
1475205669.006: [80]     27, 001B, -2.841642
1475205669.008: [80]     26, 001A, -2.847507
1475205669.009: [80]     19, 0013, -2.888563
1475205669.013: [80]     13, 000D, -2.923754
1475205669.014: [80]     28, 001C, -2.835777
1475205669.015: [80]     60, 003C, -2.648094
1475205669.016: [80]     70, 0046, -2.589443
1475205669.017: [80]     58, 003A, -2.659824
1475205669.018: [80]     65, 0041, -2.618768
1475205669.019: [80]     81, 0051, -2.524927
1475205669.020: [80]     68, 0044, -2.601173
1475205669.046: [80]     34, 0022, -2.800586
1475205669.046: [80]     25, 0019, -2.853372
1475205669.047: [80]     42, 002A, -2.753666
1475205669.048: [80]     56, 0038, -2.671554
1475205669.049: [80]     43, 002B, -2.747801
1475205669.050: [80]     41, 0029, -2.759531
1475205669.051: [80]     57, 0039, -2.665689
1475205669.052: [80]     72, 0048, -2.577713
1475205669.057: [80]     60, 003C, -2.648094
1475205669.058: [80]     37, 0025, -2.782991
1475205669.059: [80]     37, 0025, -2.782991
1475205669.060: [80]     65, 0041, -2.618768
1475205669.061: [80]     74, 004A, -2.565982
1475205669.062: [80]     60, 003C, -2.648094
1475205669.063: [80]     54, 0036, -2.683285
1475205669.064: [80]     56, 0038, -2.671554
1475205669.070: [80]     55, 0037, -2.677419
1475205669.071: [80]     38, 0026, -2.777126
1475205669.072: [80]     32, 0020, -2.812317
1475205669.073: [80]     53, 0035, -2.689150
1475205669.074: [80]     82, 0052, -2.519062
1475205669.075: [80]     80, 0050, -2.530792
1475205669.076: [80]     65, 0041, -2.618768
1475205669.077: [80]     69, 0045, -2.595308
1475205669.081: [80]     88, 0058, -2.483871
1475205669.082: [80]     88, 0058, -2.483871
1475205669.083: [80]     71, 0047, -2.583578
1475205669.084: [80]     74, 004A, -2.565982
1475205669.085: [80]     96, 0060, -2.436950
1475205669.086: [80]    103, 0067, -2.395895
1475205669.087: [80]     85, 0055, -2.501466
1475205669.088: [80]     73, 0049, -2.571847
1475205669.092: [80]     83, 0053, -2.513196
1475205669.093: [80]     85, 0055, -2.501466
1475205669.094: [80]     66, 0042, -2.612903
1475205669.095: [80]     57, 0039, -2.665689
1475205669.096: [80]     84, 0054, -2.507331
1475205669.097: [80]    108, 006C, -2.366569
1475205669.098: [80]     85, 0055, -2.501466
1475205669.099: [80]     40, 0028, -2.765396
1475205669.121: [80]     43, 002B, -2.747801
1475205669.121: [80]     83, 0053, -2.513196
1475205669.122: [80]     90, 005A, -2.472141
1475205669.123: [80]     64, 0040, -2.624633
1475205669.124: [80]     58, 003A, -2.659824
1475205669.125: [80]     81, 0051, -2.524927
1475205669.127: [80]     76, 004C, -2.554252
1475205669.128: [80]     48, 0030, -2.718475
1475205669.129: [80]     40, 0028, -2.765396
1475205669.130: [80]     65, 0041, -2.618768
1475205669.131: [80]     81, 0051, -2.524927
1475205669.132: [80]     58, 003A, -2.659824
1475205669.133: [80]     28, 001C, -2.835777
1475205669.134: [80]     38, 0026, -2.777126
1475205669.135: [80]     68, 0044, -2.601173
1475205669.137: [80]     61, 003D, -2.642229
1475205669.141: [80]     32, 0020, -2.812317
1475205669.142: [80]     32, 0020, -2.812317
1475205669.143: [80]     64, 0040, -2.624633
1475205669.144: [80]     80, 0050, -2.530792
1475205669.146: [80]     66, 0042, -2.612903
1475205669.147: [80]     56, 0038, -2.671554
1475205669.148: [80]     70, 0046, -2.589443
1475205669.149: [80]    102, 0066, -2.401760
1475205669.150: [80]    114, 0072, -2.331378
1475205669.151: [80]    104, 0068, -2.390029
1475205669.152: [80]    106, 006A, -2.378299
1475205669.153: [80]    116, 0074, -2.319648
1475205669.155: [80]    107, 006B, -2.372434
1475205669.156: [80]    102, 0066, -2.401760
1475205669.171: [80]    107, 006B, -2.372434
1475205669.171: [80]    106, 006A, -2.378299
1475205669.172: [80]     85, 0055, -2.501466
1475205669.173: [80]     66, 0042, -2.612903
1475205669.174: [80]     80, 0050, -2.530792
1475205669.175: [80]    109, 006D, -2.360704
1475205669.176: [80]    123, 007B, -2.278592
1475205669.180: [80]    109, 006D, -2.360704
1475205669.181: [80]    100, 0064, -2.413490
1475205669.182: [80]    108, 006C, -2.366569
1475205669.184: [80]    112, 0070, -2.343108
1475205669.184: [80]     81, 0051, -2.524927
1475205669.185: [80]     56, 0038, -2.671554
1475205669.187: [80]     68, 0044, -2.601173
1475205669.187: [80]     99, 0063, -2.419355
1475205669.192: [80]     91, 005B, -2.466276
1475205669.193: [80]     58, 003A, -2.659824
1475205669.194: [80]     50, 0032, -2.706745
1475205669.195: [80]     71, 0047, -2.583578
1475205669.196: [80]     77, 004D, -2.548387
1475205669.221: [80]     57, 0039, -2.665689
1475205669.221: [80]     41, 0029, -2.759531
1475205669.222: [80]     52, 0034, -2.695015
1475205669.223: [80]     70, 0046, -2.589443
1475205669.224: [80]     68, 0044, -2.601173
1475205669.226: [80]     57, 0039, -2.665689
1475205669.227: [80]     67, 0043, -2.607038
1475205669.228: [80]     82, 0052, -2.519062
1475205669.229: [80]     71, 0047, -2.583578
1475205669.230: [80]     55, 0037, -2.677419
1475205669.231: [80]     59, 003B, -2.653959
1475205669.232: [80]     77, 004D, -2.548387
1475205669.233: [80]     96, 0060, -2.436950
1475205669.234: [80]     70, 0046, -2.589443
1475205669.235: [80]     38, 0026, -2.777126
1475205669.236: [80]     53, 0035, -2.689150
1475205669.237: [80]     64, 0040, -2.624633
1475205669.238: [80]     42, 002A, -2.753666
1475205669.239: [80]     40, 0028, -2.765396
1475205669.244: [80]     74, 004A, -2.565982
1475205669.272: [80]    107, 006B, -2.372434
1475205669.272: [80]    103, 0067, -2.395895
1475205669.273: [80]     88, 0058, -2.483871
1475205669.274: [80]     90, 005A, -2.472141
1475205669.275: [80]    108, 006C, -2.366569
1475205669.276: [80]    123, 007B, -2.278592
1475205669.277: [80]    100, 0064, -2.413490
1475205669.281: [80]     64, 0040, -2.624633
1475205669.282: [80]     74, 004A, -2.565982
1475205669.283: [80]     93, 005D, -2.454545
1475205669.284: [80]     84, 0054, -2.507331
1475205669.285: [80]     45, 002D, -2.736070
1475205669.286: [80]     41, 0029, -2.759531
1475205669.287: [80]     53, 0035, -2.689150
1475205669.288: [80]     37, 0025, -2.782991
1475205669.292: [02] 25
1475205669.292: [83]  545850, 0x0008543A,  202512, 0x00031710,   72503, 0x00011B37,   25898, 0x0000652A,   12000, 0x00002EE0,    7053, 0x00001B8D,    3224, 0x00000C98,    7691, 0x00001E0B, 
1475205669.292: [04] 0
1475205669.292: [05] 0
1475205669.292: [80]     23, 0017, -2.865103
1475205669.293: [80]     29, 001D, -2.829912
1475205669.295: [80]     48, 0030, -2.718475
1475205669.296: [80]     36, 0024, -2.788856
1475205669.297: [80]      7, 0007, -2.958944
1475205669.298: [80]     18, 0012, -2.894428
1475205669.299: [80]     50, 0032, -2.706745
1475205669.300: [80]     57, 0039, -2.665689
1475205669.305: [80]     51, 0033, -2.700880
1475205669.307: [80]     65, 0041, -2.618768
1475205669.308: [80]     87, 0057, -2.489736
1475205669.309: [80]     75, 004B, -2.560117
1475205669.310: [80]     50, 0032, -2.706745
1475205669.311: [80]     61, 003D, -2.642229
1475205669.312: [80]    107, 006B, -2.372434
1475205669.313: [80]    106, 006A, -2.378299
1475205669.314: [80]     65, 0041, -2.618768
1475205669.315: [80]     42, 002A, -2.753666
1475205669.316: [80]     66, 0042, -2.612903
1475205669.317: [80]     99, 0063, -2.419355
1475205669.322: [80]     96, 0060, -2.436950
1475205669.322: [80]     75, 004B, -2.560117
1475205669.323: [80]     72, 0048, -2.577713
1475205669.324: [80]     90, 005A, -2.472141
1475205669.330: [80]     89, 0059, -2.478006
1475205669.331: [80]     67, 0043, -2.607038
1475205669.332: [80]     65, 0041, -2.618768
1475205669.333: [80]     92, 005C, -2.460411
1475205669.334: [80]    119, 0077, -2.302053
1475205669.335: [80]    101, 0065, -2.407625
1475205669.336: [80]     71, 0047, -2.583578
1475205669.337: [80]     65, 0041, -2.618768
1475205669.341: [80]     71, 0047, -2.583578
1475205669.343: [80]     59, 003B, -2.653959
1475205669.344: [80]     44, 002C, -2.741935
1475205669.345: [80]     55, 0037, -2.677419
1475205669.346: [80]     67, 0043, -2.607038
1475205669.347: [80]     44, 002C, -2.741935
1475205669.348: [80]     17, 0011, -2.900293
1475205669.349: [80]     22, 0016, -2.870968
1475205669.350: [80]     43, 002B, -2.747801
1475205669.351: [80]     45, 002D, -2.736070
1475205669.352: [80]     44, 002C, -2.741935
1475205669.353: [80]     57, 0039, -2.665689
1475205669.354: [80]     59, 003B, -2.653959
1475205669.355: [80]     66, 0042, -2.612903
1475205669.359: [80]     52, 0034, -2.695015
1475205669.360: [80]     40, 0028, -2.765396
1475205669.362: [80]     52, 0034, -2.695015
1475205669.363: [80]     60, 003C, -2.648094
1475205669.372: [80]     51, 0033, -2.700880
1475205669.372: [80]     38, 0026, -2.777126
1475205669.373: [80]     44, 002C, -2.741935
1475205669.374: [80]     66, 0042, -2.612903
1475205669.380: [80]     64, 0040, -2.624633
1475205669.381: [80]     38, 0026, -2.777126
1475205669.382: [80]     36, 0024, -2.788856
1475205669.383: [80]     60, 003C, -2.648094
1475205669.385: [80]     69, 0045, -2.595308
1475205669.386: [80]     37, 0025, -2.782991
1475205669.397: [80]     20, 0014, -2.882698
1475205669.397: [80]     37, 0025, -2.782991
1475205669.398: [80]     50, 0032, -2.706745
1475205669.399: [80]     34, 0022, -2.800586
1475205669.400: [80]     27, 001B, -2.841642
1475205669.402: [80]     53, 0035, -2.689150
1475205669.403: [80]     85, 0055, -2.501466
1475205669.404: [80]     74, 004A, -2.565982
1475205669.405: [80]     44, 002C, -2.741935
1475205669.409: [80]     43, 002B, -2.747801
1475205669.410: [80]     67, 0043, -2.607038
1475205669.411: [80]     73, 0049, -2.571847
1475205669.412: [80]     51, 0033, -2.700880
1475205669.414: [80]     41, 0029, -2.759531
1475205669.414: [80]     74, 004A, -2.565982
1475205669.415: [80]     89, 0059, -2.478006
1475205669.417: [80]     55, 0037, -2.677419
1475205669.421: [80]     22, 0016, -2.870968
1475205669.422: [80]     40, 0028, -2.765396
1475205669.423: [80]     72, 0048, -2.577713
1475205669.446: [80]     56, 0038, -2.671554
1475205669.447: [80]     16, 0010, -2.906158
1475205669.448: [80]     16, 0010, -2.906158
1475205669.449: [80]     44, 002C, -2.741935
1475205669.450: [80]     38, 0026, -2.777126
1475205669.451: [80]      4, 0004, -2.976540
1475205669.452: [80]     -7, FFF9, -3.041056
1475205669.454: [80]      8, 0008, -2.953079
1475205669.455: [80]     24, 0018, -2.859237
1475205669.456: [80]     19, 0013, -2.888563
1475205669.457: [80]     10, 000A, -2.941349
1475205669.458: [80]     22, 0016, -2.870968
1475205669.459: [80]     37, 0025, -2.782991
1475205669.464: [80]     27, 001B, -2.841642
1475205669.465: [80]     23, 0017, -2.865103
1475205669.466: [80]     37, 0025, -2.782991
1475205669.467: [80]     51, 0033, -2.700880
1475205669.468: [80]     35, 0023, -2.794721
1475205669.470: [80]     13, 000D, -2.923754
1475205669.471: [80]     28, 001C, -2.835777
1475205669.472: [80]     60, 003C, -2.648094
1475205669.476: [80]     56, 0038, -2.671554
1475205669.477: [80]     21, 0015, -2.876833
1475205669.478: [80]     17, 0011, -2.900293
1475205669.479: [80]     51, 0033, -2.700880
1475205669.480: [80]     66, 0042, -2.612903
1475205669.481: [80]     42, 002A, -2.753666
1475205669.483: [80]     36, 0024, -2.788856
1475205669.484: [80]     67, 0043, -2.607038
1475205669.488: [80]    101, 0065, -2.407625
1475205669.490: [80]    100, 0064, -2.413490
1475205669.491: [80]     83, 0053, -2.513196
1475205669.492: [80]     84, 0054, -2.507331
1475205669.493: [80]    104, 0068, -2.390029
1475205669.494: [80]    104, 0068, -2.390029
1475205669.495: [80]     90, 005A, -2.472141
1475205669.497: [80]     90, 005A, -2.472141
1475205669.498: [80]     91, 005B, -2.466276
1475205669.499: [80]     84, 0054, -2.507331
1475205669.500: [80]     67, 0043, -2.607038
1475205669.521: [80]     56, 0038, -2.671554
1475205669.522: [80]     70, 0046, -2.589443
1475205669.523: [80]     83, 0053, -2.513196
1475205669.524: [80]     75, 004B, -2.560117
1475205669.525: [80]     68, 0044, -2.601173
1475205669.529: [80]     76, 004C, -2.554252
1475205669.530: [80]     93, 005D, -2.454545
1475205669.531: [80]     80, 0050, -2.530792
1475205669.532: [80]     59, 003B, -2.653959
1475205669.533: [80]     68, 0044, -2.601173
1475205669.535: [80]     77, 004D, -2.548387
1475205669.536: [80]     68, 0044, -2.601173
1475205669.537: [80]     45, 002D, -2.736070
1475205669.541: [80]     38, 0026, -2.777126
1475205669.542: [80]     45, 002D, -2.736070
1475205669.543: [80]     52, 0034, -2.695015
1475205669.545: [80]     42, 002A, -2.753666
1475205669.546: [80]     44, 002C, -2.741935
1475205669.547: [80]     67, 0043, -2.607038
1475205669.548: [80]     83, 0053, -2.513196
1475205669.549: [80]     70, 0046, -2.589443
1475205669.554: [80]     57, 0039, -2.665689
1475205669.555: [80]     72, 0048, -2.577713
1475205669.556: [80]     90, 005A, -2.472141
1475205669.557: [80]     80, 0050, -2.530792
1475205669.558: [80]     64, 0040, -2.624633
1475205669.560: [80]     71, 0047, -2.583578
1475205669.561: [80]     83, 0053, -2.513196
1475205669.564: [80]     76, 004C, -2.554252
1475205669.565: [80]     60, 003C, -2.648094
1475205669.571: [80]     65, 0041, -2.618768
1475205669.572: [80]     90, 005A, -2.472141
1475205669.573: [80]    100, 0064, -2.413490
1475205669.574: [80]     77, 004D, -2.548387
1475205669.575: [80]     66, 0042, -2.612903
1475205669.576: [80]     60, 003C, -2.648094
1475205669.582: [80]     55, 0037, -2.677419
1475205669.583: [80]     48, 0030, -2.718475
1475205669.584: [80]     35, 0023, -2.794721
1475205669.585: [80]     35, 0023, -2.794721
1475205669.586: [80]     50, 0032, -2.706745
1475205669.587: [80]     42, 002A, -2.753666
1475205669.588: [80]     18, 0012, -2.894428
1475205669.589: [80]     20, 0014, -2.882698
1475205669.594: [80]     49, 0031, -2.712610
1475205669.595: [80]     56, 0038, -2.671554
1475205669.596: [80]     39, 0027, -2.771261
1475205669.597: [80]     37, 0025, -2.782991
1475205669.598: [80]     53, 0035, -2.689150
1475205669.599: [80]     60, 003C, -2.648094
1475205669.635: [80]     37, 0025, -2.782991
1475205669.635: [80]     23, 0017, -2.865103
1475205669.636: [80]     52, 0034, -2.695015
1475205669.638: [80]     81, 0051, -2.524927
1475205669.639: [80]     80, 0050, -2.530792
1475205669.640: [80]     74, 004A, -2.565982
1475205669.641: [80]     84, 0054, -2.507331
1475205669.642: [80]     87, 0057, -2.489736
1475205669.643: [80]     61, 003D, -2.642229
1475205669.647: [80]     23, 0017, -2.865103
1475205669.648: [80]     12, 000C, -2.929619
1475205669.649: [80]     41, 0029, -2.759531
1475205669.650: [80]     55, 0037, -2.677419
1475205669.651: [80]     18, 0012, -2.894428
1475205669.652: [80]     -7, FFF9, -3.041056
1475205669.653: [80]     12, 000C, -2.929619
1475205669.654: [80]     44, 002C, -2.741935
1475205669.658: [80]     43, 002B, -2.747801
1475205669.659: [80]     25, 0019, -2.853372
1475205669.660: [80]     17, 0011, -2.900293
1475205669.661: [80]     20, 0014, -2.882698
1475205669.662: [80]     21, 0015, -2.876833
1475205669.663: [80]     26, 001A, -2.847507
1475205669.664: [80]     50, 0032, -2.706745
1475205669.665: [80]     69, 0045, -2.595308
1475205669.670: [80]     65, 0041, -2.618768
1475205669.672: [80]     44, 002C, -2.741935
1475205669.673: [80]     40, 0028, -2.765396
1475205669.674: [80]     56, 0038, -2.671554
1475205669.675: [80]     74, 004A, -2.565982
1475205669.684: [80]     68, 0044, -2.601173
1475205669.684: [80]     55, 0037, -2.677419
1475205669.685: [80]     68, 0044, -2.601173
1475205669.686: [80]     85, 0055, -2.501466
1475205669.688: [80]     76, 004C, -2.554252
1475205669.689: [80]     61, 003D, -2.642229
1475205669.690: [80]     73, 0049, -2.571847
1475205669.691: [80]     98, 0062, -2.425220
1475205669.692: [80]    101, 0065, -2.407625
1475205669.693: [80]     85, 0055, -2.501466
1475205669.694: [80]     69, 0045, -2.595308
1475205669.698: [80]     66, 0042, -2.612903
1475205669.699: [80]     55, 0037, -2.677419
1475205669.700: [80]     26, 001A, -2.847507
1475205669.702: [80]     21, 0015, -2.876833
1475205669.703: [80]     42, 002A, -2.753666
1475205669.704: [80]     54, 0036, -2.683285
1475205669.705: [80]     25, 0019, -2.853372
1475205669.706: [80]      6, 0006, -2.964809
1475205669.711: [80]     27, 001B, -2.841642
1475205669.712: [80]     66, 0042, -2.612903
1475205669.713: [80]     75, 004B, -2.560117
1475205669.714: [80]     66, 0042, -2.612903
1475205669.715: [80]     49, 0031, -2.712610
1475205669.716: [80]     44, 002C, -2.741935
1475205669.717: [80]     48, 0030, -2.718475
1475205669.718: [80]     39, 0027, -2.771261
1475205669.723: [80]     55, 0037, -2.677419
1475205669.724: [80]     91, 005B, -2.466276
1475205669.725: [80]    106, 006A, -2.378299
1475205669.734: [80]     84, 0054, -2.507331
1475205669.734: [80]     76, 004C, -2.554252
1475205669.735: [80]     97, 0061, -2.431085
1475205669.736: [80]     96, 0060, -2.436950
1475205669.737: [80]     55, 0037, -2.677419
1475205669.738: [80]     21, 0015, -2.876833
1475205669.739: [80]     21, 0015, -2.876833
1475205669.740: [80]     27, 001B, -2.841642
1475205669.741: [80]     24, 0018, -2.859237
1475205669.742: [80]     22, 0016, -2.870968
1475205669.744: [80]     28, 001C, -2.835777
1475205669.744: [80]     43, 002B, -2.747801
1475205669.746: [80]     43, 002B, -2.747801
1475205669.747: [80]     22, 0016, -2.870968
1475205669.748: [80]     23, 0017, -2.865103
1475205669.749: [80]     59, 003B, -2.653959
1475205669.750: [80]     69, 0045, -2.595308
1475205669.751: [80]     25, 0019, -2.853372
1475205669.752: [80]      0, 0000, -3.000000
1475205669.753: [80]     23, 0017, -2.865103
1475205669.759: [80]     57, 0039, -2.665689
1475205669.759: [80]     56, 0038, -2.671554
1475205669.760: [80]     39, 0027, -2.771261
1475205669.761: [80]     42, 002A, -2.753666
1475205669.763: [80]     66, 0042, -2.612903
1475205669.764: [80]     76, 004C, -2.554252
1475205669.765: [80]     75, 004B, -2.560117
1475205669.766: [80]     83, 0053, -2.513196
1475205669.767: [80]     96, 0060, -2.436950
1475205669.772: [80]     91, 005B, -2.466276
1475205669.784: [80]     66, 0042, -2.612903
1475205669.784: [80]     55, 0037, -2.677419
1475205669.785: [80]     71, 0047, -2.583578
1475205669.787: [80]     83, 0053, -2.513196
1475205669.788: [80]     51, 0033, -2.700880
1475205669.789: [80]     21, 0015, -2.876833
1475205669.790: [80]     40, 0028, -2.765396
1475205669.791: [80]     69, 0045, -2.595308
1475205669.792: [80]     67, 0043, -2.607038
1475205669.793: [80]     50, 0032, -2.706745
1475205669.796: [80]     49, 0031, -2.712610
1475205669.797: [80]     65, 0041, -2.618768
1475205669.798: [80]     56, 0038, -2.671554
1475205669.799: [80]     22, 0016, -2.870968
1475205669.800: [80]     16, 0010, -2.906158
1475205669.801: [80]     43, 002B, -2.747801
1475205669.802: [80]     68, 0044, -2.601173
1475205669.803: [80]     51, 0033, -2.700880
1475205669.804: [80]     36, 0024, -2.788856
1475205669.805: [80]     44, 002C, -2.741935
1475205669.834: [80]     59, 003B, -2.653959
1475205669.834: [80]     57, 0039, -2.665689
1475205669.835: [80]     44, 002C, -2.741935
1475205669.837: [80]     43, 002B, -2.747801
1475205669.838: [80]     57, 0039, -2.665689
1475205669.839: [80]     55, 0037, -2.677419
1475205669.840: [80]     43, 002B, -2.747801
1475205669.841: [80]     38, 0026, -2.777126
1475205669.846: [80]     40, 0028, -2.765396
1475205669.847: [80]     48, 0030, -2.718475
1475205669.848: [80]     41, 0029, -2.759531
1475205669.849: [80]     28, 001C, -2.835777
1475205669.850: [80]     34, 0022, -2.800586
1475205669.851: [80]     48, 0030, -2.718475
1475205669.852: [80]     40, 0028, -2.765396
1475205669.853: [80]     27, 001B, -2.841642
1475205669.857: [80]     39, 0027, -2.771261
1475205669.858: [80]     67, 0043, -2.607038
1475205669.860: [80]     67, 0043, -2.607038
1475205669.861: [80]     33, 0021, -2.806452
1475205669.862: [80]     21, 0015, -2.876833
1475205669.863: [80]     40, 0028, -2.765396
1475205669.864: [80]     52, 0034, -2.695015
1475205669.865: [80]     42, 002A, -2.753666
1475205669.870: [80]     49, 0031, -2.712610
1475205669.871: [80]     74, 004A, -2.565982
1475205669.873: [80]     85, 0055, -2.501466
1475205669.874: [80]     69, 0045, -2.595308
1475205669.874: [80]     65, 0041, -2.618768
1475205669.876: [80]     72, 0048, -2.577713
1475205669.884: [80]     91, 005B, -2.466276
1475205669.884: [80]     88, 0058, -2.483871
1475205669.885: [80]     59, 003B, -2.653959
1475205669.886: [80]     57, 0039, -2.665689
1475205669.887: [80]     84, 0054, -2.507331
1475205669.888: [80]     86, 0056, -2.495601
1475205669.889: [80]     60, 003C, -2.648094
1475205669.890: [80]     41, 0029, -2.759531
1475205669.892: [80]     52, 0034, -2.695015
1475205669.893: [80]     48, 0030, -2.718475
1475205669.898: [80]     10, 000A, -2.941349
1475205669.899: [80]     -1, FFFF, -3.005865
1475205669.900: [80]     16, 0010, -2.906158
1475205669.901: [80]     23, 0017, -2.865103
1475205669.902: [80]      4, 0004, -2.976540
1475205669.904: [80]     -4, FFFC, -3.023460
1475205669.905: [80]     18, 0012, -2.894428
1475205669.906: [80]     41, 0029, -2.759531
1475205669.911: [80]     27, 001B, -2.841642
1475205669.912: [80]      5, 0005, -2.970675
1475205669.934: [80]      8, 0008, -2.953079
1475205669.934: [80]     22, 0016, -2.870968
1475205669.935: [80]     16, 0010, -2.906158
1475205669.937: [80]     12, 000C, -2.929619
1475205669.938: [80]     37, 0025, -2.782991
1475205669.939: [80]     64, 0040, -2.624633
1475205669.940: [80]     60, 003C, -2.648094
1475205669.941: [80]     35, 0023, -2.794721
1475205669.942: [80]     33, 0021, -2.806452
1475205669.944: [80]     58, 003A, -2.659824
1475205669.945: [80]     70, 0046, -2.589443
1475205669.946: [80]     43, 002B, -2.747801
1475205669.947: [80]     22, 0016, -2.870968
1475205669.948: [80]     36, 0024, -2.788856
1475205669.949: [80]     65, 0041, -2.618768
1475205669.950: [80]     55, 0037, -2.677419
1475205669.951: [80]     18, 0012, -2.894428
1475205669.952: [80]      9, 0009, -2.947214
1475205669.953: [80]     52, 0034, -2.695015
1475205669.954: [80]     83, 0053, -2.513196
1475205669.959: [80]     75, 004B, -2.560117
1475205669.959: [80]     65, 0041, -2.618768
1475205669.961: [80]     81, 0051, -2.524927
1475205669.963: [80]    101, 0065, -2.407625
1475205669.964: [80]     92, 005C, -2.460411
1475205669.965: [80]     76, 004C, -2.554252
1475205669.966: [80]     83, 0053, -2.513196
1475205669.967: [80]     96, 0060, -2.436950
1475205669.968: [80]     87, 0057, -2.489736
1475205669.969: [80]     73, 0049, -2.571847
1475205669.973: [80]     85, 0055, -2.501466
1475205669.975: [80]    105, 0069, -2.384164
1475205669.976: [80]     89, 0059, -2.478006
1475205669.977: [80]     49, 0031, -2.712610
1475205669.978: [80]     29, 001D, -2.829912
1475205669.979: [80]     43, 002B, -2.747801
1475205669.980: [80]     52, 0034, -2.695015
1475205669.981: [80]     23, 0017, -2.865103
1475205669.982: [80]      6, 0006, -2.964809
1475205669.983: [80]     26, 001A, -2.847507
